{
  "trace_version": "fixed_map_ndt_trace_v2",
  "map_ply": "data/hard_pcl_localization/map_indoor_hard.ply",
  "seed_source": "ct_icp",
  "map_stride": 1,
  "scan_context_distance_threshold": 0.180000000,
  "scan_context_top_k": 1,
  "publish_policy": {
    "policy_version": "fixed_map_ndt_runtime_publish_policy_v1",
    "gt_safety_label_version": "fixed_map_ndt_trace_gt_safety_v1",
    "publish_error_m": 1.000000000,
    "jump_step_ratio": 3.000000000,
    "recovery_error_drop_m": 1.000000000,
    "min_stable_frames": 5,
    "max_hold_frames": 3,
    "scan_context_relock_min_confirmations": 2,
    "scan_context_relock_max_distance": 0.050000000,
    "scan_context_relock_max_ndt_score": 1.200000000,
    "scan_context_relock_max_score_delta": 0.250000000,
    "scan_context_publish_requires_relock_sequence_verifier": true
  },
  "num_frames": 1609,
  "map_points": 5024,
  "frames": [
    {
      "frame_index": 0,
      "decision": "anchor",
      "seed_source": "ct_icp",
      "accepted": false,
      "seed_fallback": false,
      "scan_context_hit": false,
      "scan_context_candidate_count": 0,
      "scan_context_candidates_evaluated": 0,
      "selected_candidate_index": -1,
      "scan_context_front_distance": null,
      "selected_candidate_distance": null,
      "selected_candidate_yaw_offset_rad": null,
      "ndt_score": null,
      "ndt_iterations": 0,
      "ndt_converged": false,
      "publish_action": "return_unknown",
      "publish_state": "anchor_frame",
      "publish_gate_reason": "initial anchor is not a runtime publish proof",
      "allow_pose_publish": false,
      "has_pose_output": false,
      "runtime_refinement_candidate": false,
      "relock_candidate": false,
      "relock_sequence_compatible": false,
      "runtime_refinement_streak": 0,
      "relock_streak": 0,
      "relock_candidate_index_delta": 0,
      "relock_frame_gap": 0,
      "relock_rejected_reason": "",
      "publish_hold_age_frames": 0,
      "gt_safety_state": "inside_publish_envelope",
      "gt_wrong_pose": false,
      "gt_recovery_transition": false,
      "gt_unsafe_transition": false,
      "published_translation_error_m": null,
      "seed_translation_error_m": 0.000000000,
      "seed_rotation_error_rad": 0.000000000,
      "refined_translation_error_m": 0.000000000,
      "refined_rotation_error_rad": 0.000000000,
      "final_translation_error_m": 0.000000000,
      "final_rotation_error_rad": 0.000000000,
      "correction_translation_delta_m": 0.000000000,
      "correction_rotation_delta_rad": 0.000000000,
      "final_step_m": null,
      "gt_step_m": null,
      "seed_pose": [1.000000000, -0.000000000, -0.000000000, 0.000000000, 0.000000000, 1.000000000, 0.000000000, -0.000000000, 0.000000000, 0.000000000, 1.000000000, 0.000000000, 0.000000000, 0.000000000, 0.000000000, 1.000000000],
      "refined_pose": [1.000000000, -0.000000000, -0.000000000, 0.000000000, 0.000000000, 1.000000000, 0.000000000, -0.000000000, 0.000000000, 0.000000000, 1.000000000, 0.000000000, 0.000000000, 0.000000000, 0.000000000, 1.000000000],
      "final_pose": [1.000000000, -0.000000000, -0.000000000, 0.000000000, 0.000000000, 1.000000000, 0.000000000, -0.000000000, 0.000000000, 0.000000000, 1.000000000, 0.000000000, 0.000000000, 0.000000000, 0.000000000, 1.000000000],
      "published_pose": null,
      "gt_pose": [1.000000000, -0.000000000, -0.000000000, 0.000000000, 0.000000000, 1.000000000, 0.000000000, -0.000000000, 0.000000000, 0.000000000, 1.000000000, 0.000000000, 0.000000000, 0.000000000, 0.000000000, 1.000000000]
    },
    {
      "frame_index": 1,
      "decision": "rejected_to_seed",
      "seed_source": "ct_icp",
      "accepted": false,
      "seed_fallback": false,
      "scan_context_hit": false,
      "scan_context_candidate_count": 0,
      "scan_context_candidates_evaluated": 0,
      "selected_candidate_index": -1,
      "scan_context_front_distance": null,
      "selected_candidate_distance": null,
      "selected_candidate_yaw_offset_rad": null,
      "ndt_score": 2.236647751,
      "ndt_iterations": 5,
      "ndt_converged": false,
      "publish_action": "return_unknown",
      "publish_state": "refinement_rejected_unknown",
      "publish_gate_reason": "NDT refinement was not accepted by runtime gates",
      "allow_pose_publish": false,
      "has_pose_output": false,
      "runtime_refinement_candidate": false,
      "relock_candidate": false,
      "relock_sequence_compatible": false,
      "runtime_refinement_streak": 0,
      "relock_streak": 0,
      "relock_candidate_index_delta": 0,
      "relock_frame_gap": 0,
      "relock_rejected_reason": "",
      "publish_hold_age_frames": 0,
      "gt_safety_state": "unsafe_transition",
      "gt_wrong_pose": false,
      "gt_recovery_transition": false,
      "gt_unsafe_transition": true,
      "published_translation_error_m": null,
      "seed_translation_error_m": 0.070447263,
      "seed_rotation_error_rad": 0.084752708,
      "refined_translation_error_m": 0.951294269,
      "refined_rotation_error_rad": 0.326301110,
      "final_translation_error_m": 0.070447263,
      "final_rotation_error_rad": 0.084752708,
      "correction_translation_delta_m": 0.000000000,
      "correction_rotation_delta_rad": 0.000000000,
      "final_step_m": 0.071450700,
      "gt_step_m": 0.002341223,
      "seed_pose": [0.996968904, -0.074526268, 0.022334739, -0.049721548, 0.074061205, 0.997033122, 0.020973569, -0.040451806, -0.023831556, -0.019255858, 0.999530524, 0.031569313, 0.000000000, 0.000000000, 0.000000000, 1.000000000],
      "refined_pose": [0.979062957, -0.200158258, 0.037045905, -0.097741097, 0.184282969, 0.948855252, 0.256346441, -0.889616698, -0.086461059, -0.244152376, 0.965874786, -0.323271040, 0.000000000, 0.000000000, 0.000000000, 1.000000000],
      "final_pose": [0.996968904, -0.074526268, 0.022334739, -0.049721548, 0.074061205, 0.997033122, 0.020973569, -0.040451806, -0.023831556, -0.019255858, 0.999530524, 0.031569313, 0.000000000, 0.000000000, 0.000000000, 1.000000000],
      "published_pose": null,
      "gt_pose": [0.999966419, 0.007001738, 0.004258666, -0.002187868, -0.007026703, 0.999958050, 0.005875643, 0.000238289, -0.004217348, -0.005905371, 0.999973670, -0.000798608, 0.000000000, 0.000000000, 0.000000000, 1.000000000]
    },
    {
      "frame_index": 2,
      "decision": "rejected_to_seed",
      "seed_source": "ct_icp",
      "accepted": false,
      "seed_fallback": false,
      "scan_context_hit": false,
      "scan_context_candidate_count": 0,
      "scan_context_candidates_evaluated": 0,
      "selected_candidate_index": -1,
      "scan_context_front_distance": null,
      "selected_candidate_distance": null,
      "selected_candidate_yaw_offset_rad": null,
      "ndt_score": 2.177607563,
      "ndt_iterations": 5,
      "ndt_converged": false,
      "publish_action": "return_unknown",
      "publish_state": "refinement_rejected_unknown",
      "publish_gate_reason": "NDT refinement was not accepted by runtime gates",
      "allow_pose_publish": false,
      "has_pose_output": false,
      "runtime_refinement_candidate": false,
      "relock_candidate": false,
      "relock_sequence_compatible": false,
      "runtime_refinement_streak": 0,
      "relock_streak": 0,
      "relock_candidate_index_delta": 0,
      "relock_frame_gap": 0,
      "relock_rejected_reason": "",
      "publish_hold_age_frames": 0,
      "gt_safety_state": "inside_publish_envelope",
      "gt_wrong_pose": false,
      "gt_recovery_transition": false,
      "gt_unsafe_transition": false,
      "published_translation_error_m": null,
      "seed_translation_error_m": 0.061078410,
      "seed_rotation_error_rad": 0.078931060,
      "refined_translation_error_m": 0.950818419,
      "refined_rotation_error_rad": 0.342232912,
      "final_translation_error_m": 0.061078410,
      "final_rotation_error_rad": 0.078931060,
      "correction_translation_delta_m": 0.000000000,
      "correction_rotation_delta_rad": 0.000000000,
      "final_step_m": 0.050978283,
      "gt_step_m": 0.002589901,
      "seed_pose": [0.998073203, -0.061997988, -0.002476060, -0.002685658, 0.062047411, 0.997267661, 0.040091529, -0.056770841, -0.000016299, -0.040167914, 0.999192944, 0.020610320, 0.000000000, 0.000000000, 0.000000000, 1.000000000],
      "refined_pose": [0.979731804, -0.196790501, 0.037404415, -0.102264582, 0.178982422, 0.943852895, 0.277681482, -0.886291638, -0.089949344, -0.265358647, 0.959944740, -0.330884850, 0.000000000, 0.000000000, 0.000000000, 1.000000000],
      "final_pose": [0.998073203, -0.061997988, -0.002476060, -0.002685658, 0.062047411, 0.997267661, 0.040091529, -0.056770841, -0.000016299, -0.040167914, 0.999192944, 0.020610320, 0.000000000, 0.000000000, 0.000000000, 1.000000000],
      "published_pose": null,
      "gt_pose": [0.999946408, 0.008600691, 0.005762782, -0.004734395, -0.008633760, 0.999946264, 0.005738301, 0.000217058, -0.005713119, -0.005787748, 0.999966931, -0.001270134, 0.000000000, 0.000000000, 0.000000000, 1.000000000]
    },
    {
      "frame_index": 3,
      "decision": "rejected_to_seed",
      "seed_source": "ct_icp",
      "accepted": false,
      "seed_fallback": false,
      "scan_context_hit": false,
      "scan_context_candidate_count": 0,
      "scan_context_candidates_evaluated": 0,
      "selected_candidate_index": -1,
      "scan_context_front_distance": null,
      "selected_candidate_distance": null,
      "selected_candidate_yaw_offset_rad": null,
      "ndt_score": 2.164312009,
      "ndt_iterations": 5,
      "ndt_converged": false,
      "publish_action": "return_unknown",
      "publish_state": "refinement_rejected_unknown",
      "publish_gate_reason": "NDT refinement was not accepted by runtime gates",
      "allow_pose_publish": false,
      "has_pose_output": false,
      "runtime_refinement_candidate": false,
      "relock_candidate": false,
      "relock_sequence_compatible": false,
      "runtime_refinement_streak": 0,
      "relock_streak": 0,
      "relock_candidate_index_delta": 0,
      "relock_frame_gap": 0,
      "relock_rejected_reason": "",
      "publish_hold_age_frames": 0,
      "gt_safety_state": "unsafe_transition",
      "gt_wrong_pose": false,
      "gt_recovery_transition": false,
      "gt_unsafe_transition": true,
      "published_translation_error_m": null,
      "seed_translation_error_m": 0.062675836,
      "seed_rotation_error_rad": 0.045286223,
      "refined_translation_error_m": 0.960001741,
      "refined_rotation_error_rad": 0.330542074,
      "final_translation_error_m": 0.062675836,
      "final_rotation_error_rad": 0.045286223,
      "correction_translation_delta_m": 0.000000000,
      "correction_rotation_delta_rad": 0.000000000,
      "final_step_m": 0.036447476,
      "gt_step_m": 0.002680311,
      "seed_pose": [0.999469723, -0.031865221, -0.006699285, 0.029352393, 0.032021823, 0.999181009, 0.024736880, -0.049925568, 0.005905552, -0.024938286, 0.999671549, 0.004637717, 0.000000000, 0.000000000, 0.000000000, 1.000000000],
      "refined_pose": [0.978739219, -0.205059133, -0.004504822, -0.070503036, 0.199385483, 0.946047970, 0.255418612, -0.896372128, -0.048114141, -0.250886409, 0.966820066, -0.338138154, 0.000000000, 0.000000000, 0.000000000, 1.000000000],
      "final_pose": [0.999469723, -0.031865221, -0.006699285, 0.029352393, 0.032021823, 0.999181009, 0.024736880, -0.049925568, 0.005905552, -0.024938286, 0.999671549, 0.004637717, 0.000000000, 0.000000000, 0.000000000, 1.000000000],
      "published_pose": null,
      "gt_pose": [0.999954413, 0.009512657, 0.000825043, -0.007386896, -0.009519015, 0.999922054, 0.008079199, 0.000473934, -0.000748124, -0.008086684, 0.999967022, -0.001557054, 0.000000000, 0.000000000, 0.000000000, 1.000000000]
    },
    {
      "frame_index": 4,
      "decision": "rejected_to_seed",
      "seed_source": "ct_icp",
      "accepted": false,
      "seed_fallback": false,
      "scan_context_hit": false,
      "scan_context_candidate_count": 0,
      "scan_context_candidates_evaluated": 0,
      "selected_candidate_index": -1,
      "scan_context_front_distance": null,
      "selected_candidate_distance": null,
      "selected_candidate_yaw_offset_rad": null,
      "ndt_score": 2.221150756,
      "ndt_iterations": 5,
      "ndt_converged": false,
      "publish_action": "return_unknown",
      "publish_state": "refinement_rejected_unknown",
      "publish_gate_reason": "NDT refinement was not accepted by runtime gates",
      "allow_pose_publish": false,
      "has_pose_output": false,
      "runtime_refinement_candidate": false,
      "relock_candidate": false,
      "relock_sequence_compatible": false,
      "runtime_refinement_streak": 0,
      "relock_streak": 0,
      "relock_candidate_index_delta": 0,
      "relock_frame_gap": 0,
      "relock_rejected_reason": "",
      "publish_hold_age_frames": 0,
      "gt_safety_state": "unsafe_transition",
      "gt_wrong_pose": false,
      "gt_recovery_transition": false,
      "gt_unsafe_transition": true,
      "published_translation_error_m": null,
      "seed_translation_error_m": 0.098855477,
      "seed_rotation_error_rad": 0.038496391,
      "refined_translation_error_m": 0.957491279,
      "refined_rotation_error_rad": 0.255264299,
      "final_translation_error_m": 0.098855477,
      "final_rotation_error_rad": 0.038496391,
      "correction_translation_delta_m": 0.000000000,
      "correction_rotation_delta_rad": 0.000000000,
      "final_step_m": 0.035569394,
      "gt_step_m": 0.002068891,
      "seed_pose": [0.998941939, 0.045988479, -0.000249762, 0.051162919, -0.045966553, 0.998606481, 0.025926278, -0.074993165, 0.001441724, -0.025887366, 0.999663826, 0.017330169, 0.000000000, 0.000000000, 0.000000000, 1.000000000],
      "refined_pose": [0.997630061, -0.013087002, -0.067549924, 0.303172547, 0.029655175, 0.967662943, 0.250497503, -0.842914218, 0.062087297, -0.251907044, 0.965757738, -0.329535199, 0.000000000, 0.000000000, 0.000000000, 1.000000000],
      "final_pose": [0.998941939, 0.045988479, -0.000249762, 0.051162919, -0.045966553, 0.998606481, 0.025926278, -0.074993165, 0.001441724, -0.025887366, 0.999663826, 0.017330169, 0.000000000, 0.000000000, 0.000000000, 1.000000000],
      "published_pose": null,
      "gt_pose": [0.999937528, 0.010990209, 0.002038301, -0.009412771, -0.011010305, 0.999888126, 0.010124704, 0.000726683, -0.001926801, -0.010146514, 0.999946666, -0.001892104, 0.000000000, 0.000000000, 0.000000000, 1.000000000]
    },
    {
      "frame_index": 5,
      "decision": "rejected_to_seed",
      "seed_source": "ct_icp",
      "accepted": false,
      "seed_fallback": false,
      "scan_context_hit": false,
      "scan_context_candidate_count": 0,
      "scan_context_candidates_evaluated": 0,
      "selected_candidate_index": -1,
      "scan_context_front_distance": null,
      "selected_candidate_distance": null,
      "selected_candidate_yaw_offset_rad": null,
      "ndt_score": 2.219731201,
      "ndt_iterations": 5,
      "ndt_converged": false,
      "publish_action": "return_unknown",
      "publish_state": "refinement_rejected_unknown",
      "publish_gate_reason": "NDT refinement was not accepted by runtime gates",
      "allow_pose_publish": false,
      "has_pose_output": false,
      "runtime_refinement_candidate": false,
      "relock_candidate": false,
      "relock_sequence_compatible": false,
      "runtime_refinement_streak": 0,
      "relock_streak": 0,
      "relock_candidate_index_delta": 0,
      "relock_frame_gap": 0,
      "relock_rejected_reason": "",
      "publish_hold_age_frames": 0,
      "gt_safety_state": "unsafe_transition",
      "gt_wrong_pose": false,
      "gt_recovery_transition": false,
      "gt_unsafe_transition": true,
      "published_translation_error_m": null,
      "seed_translation_error_m": 0.115118489,
      "seed_rotation_error_rad": 0.050690627,
      "refined_translation_error_m": 0.957917008,
      "refined_rotation_error_rad": 0.255171264,
      "final_translation_error_m": 0.115118489,
      "final_rotation_error_rad": 0.050690627,
      "correction_translation_delta_m": 0.000000000,
      "correction_rotation_delta_rad": 0.000000000,
      "final_step_m": 0.056256046,
      "gt_step_m": 0.002044761,
      "seed_pose": [0.998418208, 0.051069430, -0.023515867, 0.095030107, -0.051177334, 0.998681533, -0.004009449, -0.042668955, 0.023280102, 0.005206586, 0.999715424, 0.003345970, 0.000000000, 0.000000000, 0.000000000, 1.000000000],
      "refined_pose": [0.997627759, -0.012983496, -0.067603869, 0.300621407, 0.029569585, 0.967660902, 0.250515506, -0.842746665, 0.062165054, -0.251920241, 0.965749294, -0.331511537, 0.000000000, 0.000000000, 0.000000000, 1.000000000],
      "final_pose": [0.998418208, 0.051069430, -0.023515867, 0.095030107, -0.051177334, 0.998681533, -0.004009449, -0.042668955, 0.023280102, 0.005206586, 0.999715424, 0.003345970, 0.000000000, 0.000000000, 0.000000000, 1.000000000],
      "published_pose": null,
      "gt_pose": [0.999951620, 0.009663820, 0.001835410, -0.011455602, -0.009681740, 0.999902934, 0.010019293, 0.000764424, -0.001738407, -0.010036579, 0.999948121, -0.001811710, 0.000000000, 0.000000000, 0.000000000, 1.000000000]
    },
    {
      "frame_index": 6,
      "decision": "rejected_to_seed",
      "seed_source": "ct_icp",
      "accepted": false,
      "seed_fallback": false,
      "scan_context_hit": false,
      "scan_context_candidate_count": 0,
      "scan_context_candidates_evaluated": 0,
      "selected_candidate_index": -1,
      "scan_context_front_distance": null,
      "selected_candidate_distance": null,
      "selected_candidate_yaw_offset_rad": null,
      "ndt_score": 2.313877579,
      "ndt_iterations": 5,
      "ndt_converged": false,
      "publish_action": "return_unknown",
      "publish_state": "refinement_rejected_unknown",
      "publish_gate_reason": "NDT refinement was not accepted by runtime gates",
      "allow_pose_publish": false,
      "has_pose_output": false,
      "runtime_refinement_candidate": false,
      "relock_candidate": false,
      "relock_sequence_compatible": false,
      "runtime_refinement_streak": 0,
      "relock_streak": 0,
      "relock_candidate_index_delta": 0,
      "relock_frame_gap": 0,
      "relock_rejected_reason": "",
      "publish_hold_age_frames": 0,
      "gt_safety_state": "inside_publish_envelope",
      "gt_wrong_pose": false,
      "gt_recovery_transition": false,
      "gt_unsafe_transition": false,
      "published_translation_error_m": null,
      "seed_translation_error_m": 0.113885231,
      "seed_rotation_error_rad": 0.026901319,
      "refined_translation_error_m": 1.007232298,
      "refined_rotation_error_rad": 0.314645539,
      "final_translation_error_m": 0.113885231,
      "final_rotation_error_rad": 0.026901319,
      "correction_translation_delta_m": 0.000000000,
      "correction_rotation_delta_rad": 0.000000000,
      "final_step_m": 0.018970844,
      "gt_step_m": 0.001467776,
      "seed_pose": [0.999547777, 0.021572771, -0.020948920, 0.084588527, -0.021249296, 0.999653383, 0.015542906, -0.057131140, 0.021276962, -0.015090728, 0.999659723, 0.009804415, 0.000000000, 0.000000000, 0.000000000, 1.000000000],
      "refined_pose": [0.991428554, 0.012102872, -0.130088210, 0.380313302, 0.026175812, 0.957110930, 0.288536818, -0.823376662, 0.128000972, -0.289468805, 0.948590303, -0.426408377, 0.000000000, 0.000000000, 0.000000000, 1.000000000],
      "final_pose": [0.999547777, 0.021572771, -0.020948920, 0.084588527, -0.021249296, 0.999653383, 0.015542906, -0.057131140, 0.021276962, -0.015090728, 0.999659723, 0.009804415, 0.000000000, 0.000000000, 0.000000000, 1.000000000],
      "published_pose": null,
      "gt_pose": [0.999955111, 0.009212436, 0.002215090, -0.012836711, -0.009233274, 0.999911395, 0.009588989, 0.000787080, -0.002126555, -0.009609011, 0.999951571, -0.001315331, 0.000000000, 0.000000000, 0.000000000, 1.000000000]
    },
    {
      "frame_index": 7,
      "decision": "rejected_to_seed",
      "seed_source": "ct_icp",
      "accepted": false,
      "seed_fallback": false,
      "scan_context_hit": false,
      "scan_context_candidate_count": 0,
      "scan_context_candidates_evaluated": 0,
      "selected_candidate_index": -1,
      "scan_context_front_distance": null,
      "selected_candidate_distance": null,
      "selected_candidate_yaw_offset_rad": null,
      "ndt_score": 2.272348069,
      "ndt_iterations": 5,
      "ndt_converged": false,
      "publish_action": "return_unknown",
      "publish_state": "refinement_rejected_unknown",
      "publish_gate_reason": "NDT refinement was not accepted by runtime gates",
      "allow_pose_publish": false,
      "has_pose_output": false,
      "runtime_refinement_candidate": false,
      "relock_candidate": false,
      "relock_sequence_compatible": false,
      "runtime_refinement_streak": 0,
      "relock_streak": 0,
      "relock_candidate_index_delta": 0,
      "relock_frame_gap": 0,
      "relock_rejected_reason": "",
      "publish_hold_age_frames": 0,
      "gt_safety_state": "inside_publish_envelope",
      "gt_wrong_pose": false,
      "gt_recovery_transition": false,
      "gt_unsafe_transition": false,
      "published_translation_error_m": null,
      "seed_translation_error_m": 0.099711906,
      "seed_rotation_error_rad": 0.016134174,
      "refined_translation_error_m": 1.000224403,
      "refined_rotation_error_rad": 0.302795660,
      "final_translation_error_m": 0.099711906,
      "final_rotation_error_rad": 0.016134174,
      "correction_translation_delta_m": 0.000000000,
      "correction_rotation_delta_rad": 0.000000000,
      "final_step_m": 0.021121396,
      "gt_step_m": 0.001588004,
      "seed_pose": [0.999913876, 0.008395559, -0.010087362, 0.063823265, -0.008205990, 0.999791663, 0.018689364, -0.060185031, 0.010242168, -0.018604978, 0.999774451, 0.007439883, 0.000000000, 0.000000000, 0.000000000, 1.000000000],
      "refined_pose": [0.993313501, -0.039214600, -0.108584088, 0.299767300, 0.068499432, 0.957288144, 0.280904320, -0.875793251, 0.092930709, -0.286464001, 0.953573416, -0.364829459, 0.000000000, 0.000000000, 0.000000000, 1.000000000],
      "final_pose": [0.999913876, 0.008395559, -0.010087362, 0.063823265, -0.008205990, 0.999791663, 0.018689364, -0.060185031, 0.010242168, -0.018604978, 0.999774451, 0.007439883, 0.000000000, 0.000000000, 0.000000000, 1.000000000],
      "published_pose": null,
      "gt_pose": [0.999935575, 0.010316425, 0.004734651, -0.014233953, -0.010375466, 0.999866541, 0.012619406, 0.001313407, -0.004603832, -0.012667718, 0.999909163, -0.000774545, 0.000000000, 0.000000000, 0.000000000, 1.000000000]
    },
    {
      "frame_index": 8,
      "decision": "rejected_to_seed",
      "seed_source": "ct_icp",
      "accepted": false,
      "seed_fallback": false,
      "scan_context_hit": false,
      "scan_context_candidate_count": 0,
      "scan_context_candidates_evaluated": 0,
      "selected_candidate_index": -1,
      "scan_context_front_distance": null,
      "selected_candidate_distance": null,
      "selected_candidate_yaw_offset_rad": null,
      "ndt_score": 2.268376325,
      "ndt_iterations": 5,
      "ndt_converged": false,
      "publish_action": "return_unknown",
      "publish_state": "refinement_rejected_unknown",
      "publish_gate_reason": "NDT refinement was not accepted by runtime gates",
      "allow_pose_publish": false,
      "has_pose_output": false,
      "runtime_refinement_candidate": false,
      "relock_candidate": false,
      "relock_sequence_compatible": false,
      "runtime_refinement_streak": 0,
      "relock_streak": 0,
      "relock_candidate_index_delta": 0,
      "relock_frame_gap": 0,
      "relock_rejected_reason": "",
      "publish_hold_age_frames": 0,
      "gt_safety_state": "inside_publish_envelope",
      "gt_wrong_pose": false,
      "gt_recovery_transition": false,
      "gt_unsafe_transition": false,
      "published_translation_error_m": null,
      "seed_translation_error_m": 0.098747734,
      "seed_rotation_error_rad": 0.018084164,
      "refined_translation_error_m": 1.000117045,
      "refined_rotation_error_rad": 0.302925197,
      "final_translation_error_m": 0.098747734,
      "final_rotation_error_rad": 0.018084164,
      "correction_translation_delta_m": 0.000000000,
      "correction_rotation_delta_rad": 0.000000000,
      "final_step_m": 0.003174325,
      "gt_step_m": 0.001112759,
      "seed_pose": [0.999922647, 0.005618940, -0.011096291, 0.063936388, -0.005408971, 0.999807453, 0.018862653, -0.057424057, 0.011200142, -0.018801174, 0.999760508, 0.005877652, 0.000000000, 0.000000000, 0.000000000, 1.000000000],
      "refined_pose": [0.993448498, -0.039165874, -0.107359749, 0.298440056, 0.068111042, 0.957276413, 0.281038706, -0.875841812, 0.091765829, -0.286509865, 0.953672444, -0.364283255, 0.000000000, 0.000000000, 0.000000000, 1.000000000],
      "final_pose": [0.999922647, 0.005618940, -0.011096291, 0.063936388, -0.005408971, 0.999807453, 0.018862653, -0.057424057, 0.011200142, -0.018801174, 0.999760508, 0.005877652, 0.000000000, 0.000000000, 0.000000000, 1.000000000],
      "published_pose": null,
      "gt_pose": [0.999937771, 0.009920685, 0.005102299, -0.015227769, -0.009981751, 0.999877147, 0.012085325, 0.001281102, -0.004981777, -0.012135503, 0.999913952, -0.000275026, 0.000000000, 0.000000000, 0.000000000, 1.000000000]
    },
    {
      "frame_index": 9,
      "decision": "rejected_to_seed",
      "seed_source": "ct_icp",
      "accepted": false,
      "seed_fallback": false,
      "scan_context_hit": false,
      "scan_context_candidate_count": 0,
      "scan_context_candidates_evaluated": 0,
      "selected_candidate_index": -1,
      "scan_context_front_distance": null,
      "selected_candidate_distance": null,
      "selected_candidate_yaw_offset_rad": null,
      "ndt_score": 2.235909843,
      "ndt_iterations": 5,
      "ndt_converged": false,
      "publish_action": "return_unknown",
      "publish_state": "refinement_rejected_unknown",
      "publish_gate_reason": "NDT refinement was not accepted by runtime gates",
      "allow_pose_publish": false,
      "has_pose_output": false,
      "runtime_refinement_candidate": false,
      "relock_candidate": false,
      "relock_sequence_compatible": false,
      "runtime_refinement_streak": 0,
      "relock_streak": 0,
      "relock_candidate_index_delta": 0,
      "relock_frame_gap": 0,
      "relock_rejected_reason": "",
      "publish_hold_age_frames": 0,
      "gt_safety_state": "unsafe_transition",
      "gt_wrong_pose": false,
      "gt_recovery_transition": false,
      "gt_unsafe_transition": true,
      "published_translation_error_m": null,
      "seed_translation_error_m": 0.117656663,
      "seed_rotation_error_rad": 0.031808821,
      "refined_translation_error_m": 1.008715097,
      "refined_rotation_error_rad": 0.315820542,
      "final_translation_error_m": 0.117656663,
      "final_rotation_error_rad": 0.031808821,
      "correction_translation_delta_m": 0.000000000,
      "correction_rotation_delta_rad": 0.000000000,
      "final_step_m": 0.018805843,
      "gt_step_m": 0.000403882,
      "seed_pose": [0.999775488, 0.003766446, -0.020851542, 0.078925736, -0.003593341, 0.999958823, 0.008333036, -0.068542081, 0.020882070, -0.008256238, 0.999747855, 0.003560603, 0.000000000, 0.000000000, 0.000000000, 1.000000000],
      "refined_pose": [0.988361095, -0.039043917, -0.147030329, 0.338254449, 0.078420148, 0.958954001, 0.272502303, -0.844731444, 0.130355765, -0.280860815, 0.950854656, -0.420107020, 0.000000000, 0.000000000, 0.000000000, 1.000000000],
      "final_pose": [0.999775488, 0.003766446, -0.020851542, 0.078925736, -0.003593341, 0.999958823, 0.008333036, -0.068542081, 0.020882070, -0.008256238, 0.999747855, 0.003560603, 0.000000000, 0.000000000, 0.000000000, 1.000000000],
      "published_pose": null,
      "gt_pose": [0.999899422, 0.010078238, 0.009978730, -0.015472207, -0.010207514, 0.999863523, 0.012990083, 0.001574873, -0.009846451, -0.013090634, 0.999865832, -0.000405678, 0.000000000, 0.000000000, 0.000000000, 1.000000000]
    },
    {
      "frame_index": 10,
      "decision": "rejected_to_seed",
      "seed_source": "ct_icp",
      "accepted": false,
      "seed_fallback": false,
      "scan_context_hit": false,
      "scan_context_candidate_count": 0,
      "scan_context_candidates_evaluated": 0,
      "selected_candidate_index": -1,
      "scan_context_front_distance": null,
      "selected_candidate_distance": null,
      "selected_candidate_yaw_offset_rad": null,
      "ndt_score": 2.273351892,
      "ndt_iterations": 5,
      "ndt_converged": false,
      "publish_action": "return_unknown",
      "publish_state": "refinement_rejected_unknown",
      "publish_gate_reason": "NDT refinement was not accepted by runtime gates",
      "allow_pose_publish": false,
      "has_pose_output": false,
      "runtime_refinement_candidate": false,
      "relock_candidate": false,
      "relock_sequence_compatible": false,
      "runtime_refinement_streak": 0,
      "relock_streak": 0,
      "relock_candidate_index_delta": 0,
      "relock_frame_gap": 0,
      "relock_rejected_reason": "",
      "publish_hold_age_frames": 0,
      "gt_safety_state": "inside_publish_envelope",
      "gt_wrong_pose": false,
      "gt_recovery_transition": false,
      "gt_unsafe_transition": false,
      "published_translation_error_m": null,
      "seed_translation_error_m": 0.090954515,
      "seed_rotation_error_rad": 0.021494720,
      "refined_translation_error_m": 0.979904074,
      "refined_rotation_error_rad": 0.307359078,
      "final_translation_error_m": 0.090954515,
      "final_rotation_error_rad": 0.021494720,
      "correction_translation_delta_m": 0.000000000,
      "correction_rotation_delta_rad": 0.000000000,
      "final_step_m": 0.037266527,
      "gt_step_m": 0.001681702,
      "seed_pose": [0.999999733, 0.000702707, -0.000202819, 0.062942744, -0.000698182, 0.999768430, 0.021508133, -0.040540438, 0.000217886, -0.021507986, 0.999768653, 0.022248726, 0.000000000, 0.000000000, 0.000000000, 1.000000000],
      "refined_pose": [0.993324109, -0.038369307, -0.108788837, 0.291699873, 0.067978972, 0.956617616, 0.283304776, -0.854610872, 0.093199110, -0.288808818, 0.952839647, -0.363945448, 0.000000000, 0.000000000, 0.000000000, 1.000000000],
      "final_pose": [0.999999733, 0.000702707, -0.000202819, 0.062942744, -0.000698182, 0.999768430, 0.021508133, -0.040540438, 0.000217886, -0.021507986, 0.999768653, 0.022248726, 0.000000000, 0.000000000, 0.000000000, 1.000000000],
      "published_pose": null,
      "gt_pose": [0.999783454, 0.010376908, 0.018037864, -0.014016774, -0.010656066, 0.999823863, 0.015449638, 0.002401745, -0.017874368, -0.015638505, 0.999717932, -0.000244059, 0.000000000, 0.000000000, 0.000000000, 1.000000000]
    },
    {
      "frame_index": 11,
      "decision": "rejected_to_seed",
      "seed_source": "ct_icp",
      "accepted": false,
      "seed_fallback": false,
      "scan_context_hit": false,
      "scan_context_candidate_count": 0,
      "scan_context_candidates_evaluated": 0,
      "selected_candidate_index": -1,
      "scan_context_front_distance": null,
      "selected_candidate_distance": null,
      "selected_candidate_yaw_offset_rad": null,
      "ndt_score": 2.224784702,
      "ndt_iterations": 5,
      "ndt_converged": false,
      "publish_action": "return_unknown",
      "publish_state": "refinement_rejected_unknown",
      "publish_gate_reason": "NDT refinement was not accepted by runtime gates",
      "allow_pose_publish": false,
      "has_pose_output": false,
      "runtime_refinement_candidate": false,
      "relock_candidate": false,
      "relock_sequence_compatible": false,
      "runtime_refinement_streak": 0,
      "relock_streak": 0,
      "relock_candidate_index_delta": 0,
      "relock_frame_gap": 0,
      "relock_rejected_reason": "",
      "publish_hold_age_frames": 0,
      "gt_safety_state": "inside_publish_envelope",
      "gt_wrong_pose": false,
      "gt_recovery_transition": false,
      "gt_unsafe_transition": false,
      "published_translation_error_m": null,
      "seed_translation_error_m": 0.080288681,
      "seed_rotation_error_rad": 0.015841021,
      "refined_translation_error_m": 0.859341286,
      "refined_rotation_error_rad": 0.254414893,
      "final_translation_error_m": 0.080288681,
      "final_rotation_error_rad": 0.015841021,
      "correction_translation_delta_m": 0.000000000,
      "correction_rotation_delta_rad": 0.000000000,
      "final_step_m": 0.022812460,
      "gt_step_m": 0.002306317,
      "seed_pose": [0.999865349, -0.001110867, 0.016372252, 0.059243022, 0.000847404, 0.999870184, 0.016090256, -0.019281649, -0.016388001, -0.016074215, 0.999736492, 0.029650364, 0.000000000, 0.000000000, 0.000000000, 1.000000000],
      "refined_pose": [0.998158347, -0.012790187, -0.059298605, 0.282490210, 0.027184973, 0.968181109, 0.248769606, -0.743434502, 0.054229979, -0.249923490, 0.966745757, -0.308357529, 0.000000000, 0.000000000, 0.000000000, 1.000000000],
      "final_pose": [0.999865349, -0.001110867, 0.016372252, 0.059243022, 0.000847404, 0.999870184, 0.016090256, -0.019281649, -0.016388001, -0.016074215, 0.999736492, 0.029650364, 0.000000000, 0.000000000, 0.000000000, 1.000000000],
      "published_pose": null,
      "gt_pose": [0.999523986, 0.006642902, 0.030127601, -0.011785850, -0.007087866, 0.999867023, 0.014686650, 0.002940403, -0.030026032, -0.014893199, 0.999438157, -0.000471920, 0.000000000, 0.000000000, 0.000000000, 1.000000000]
    },
    {
      "frame_index": 12,
      "decision": "accepted",
      "seed_source": "ct_icp",
      "accepted": true,
      "seed_fallback": false,
      "scan_context_hit": false,
      "scan_context_candidate_count": 0,
      "scan_context_candidates_evaluated": 0,
      "selected_candidate_index": -1,
      "scan_context_front_distance": null,
      "selected_candidate_distance": null,
      "selected_candidate_yaw_offset_rad": null,
      "ndt_score": 2.239885055,
      "ndt_iterations": 5,
      "ndt_converged": false,
      "publish_action": "return_unknown",
      "publish_state": "warming_up_stable_refinement",
      "publish_gate_reason": "runtime refinement streak is shorter than the publish threshold",
      "allow_pose_publish": false,
      "has_pose_output": false,
      "runtime_refinement_candidate": true,
      "relock_candidate": false,
      "relock_sequence_compatible": false,
      "runtime_refinement_streak": 1,
      "relock_streak": 0,
      "relock_candidate_index_delta": 0,
      "relock_frame_gap": 0,
      "relock_rejected_reason": "",
      "publish_hold_age_frames": 0,
      "gt_safety_state": "unsafe_transition",
      "gt_wrong_pose": false,
      "gt_recovery_transition": false,
      "gt_unsafe_transition": true,
      "published_translation_error_m": null,
      "seed_translation_error_m": 0.140081035,
      "seed_rotation_error_rad": 0.106192966,
      "refined_translation_error_m": 0.405084881,
      "refined_rotation_error_rad": 0.088971151,
      "final_translation_error_m": 0.405084881,
      "final_rotation_error_rad": 0.088971151,
      "correction_translation_delta_m": 0.306645085,
      "correction_rotation_delta_rad": 0.045699443,
      "final_step_m": 0.400573920,
      "gt_step_m": 0.001983252,
      "seed_pose": [0.992452823, 0.106662471, 0.060502165, 0.086274993, -0.107174286, 0.994226287, 0.005269077, -0.090373236, -0.059590830, -0.011713586, 0.998154159, -0.038212968, 0.000000000, 0.000000000, 0.000000000, 1.000000000],
      "refined_pose": [0.995902851, 0.088457243, 0.018783691, 0.133626815, -0.088621292, 0.996032564, 0.008086942, -0.195119722, -0.017993820, -0.009718444, 0.999790865, -0.322496606, 0.000000000, 0.000000000, 0.000000000, 1.000000000],
      "final_pose": [0.995902851, 0.088457243, 0.018783691, 0.133626815, -0.088621292, 0.996032564, 0.008086942, -0.195119722, -0.017993820, -0.009718444, 0.999790865, -0.322496606, 0.000000000, 0.000000000, 0.000000000, 1.000000000],
      "published_pose": null,
      "gt_pose": [0.999146991, 0.002802022, 0.041200000, -0.010093613, -0.003564807, 0.999823385, 0.018452417, 0.003961735, -0.041141019, -0.018583546, 0.998980514, -0.000309125, 0.000000000, 0.000000000, 0.000000000, 1.000000000]
    },
    {
      "frame_index": 13,
      "decision": "rejected_to_seed",
      "seed_source": "ct_icp",
      "accepted": false,
      "seed_fallback": false,
      "scan_context_hit": false,
      "scan_context_candidate_count": 0,
      "scan_context_candidates_evaluated": 0,
      "selected_candidate_index": -1,
      "scan_context_front_distance": null,
      "selected_candidate_distance": null,
      "selected_candidate_yaw_offset_rad": null,
      "ndt_score": 2.217086608,
      "ndt_iterations": 5,
      "ndt_converged": false,
      "publish_action": "return_unknown",
      "publish_state": "refinement_rejected_unknown",
      "publish_gate_reason": "NDT refinement was not accepted by runtime gates",
      "allow_pose_publish": false,
      "has_pose_output": false,
      "runtime_refinement_candidate": false,
      "relock_candidate": false,
      "relock_sequence_compatible": false,
      "runtime_refinement_streak": 0,
      "relock_streak": 0,
      "relock_candidate_index_delta": 0,
      "relock_frame_gap": 0,
      "relock_rejected_reason": "",
      "publish_hold_age_frames": 0,
      "gt_safety_state": "inside_publish_envelope",
      "gt_wrong_pose": false,
      "gt_recovery_transition": false,
      "gt_unsafe_transition": false,
      "published_translation_error_m": null,
      "seed_translation_error_m": 0.126902056,
      "seed_rotation_error_rad": 0.017753713,
      "refined_translation_error_m": 0.776736215,
      "refined_rotation_error_rad": 0.229278178,
      "final_translation_error_m": 0.126902056,
      "final_rotation_error_rad": 0.017753713,
      "correction_translation_delta_m": 0.000000000,
      "correction_rotation_delta_rad": 0.000000000,
      "final_step_m": 0.351998326,
      "gt_step_m": 0.000656794,
      "seed_pose": [0.998388898, 0.011105781, 0.055644133, 0.053081559, -0.012680121, 0.999526927, 0.028020291, -0.105845368, -0.055306622, -0.028680722, 0.998057410, 0.008328685, 0.000000000, 0.000000000, 0.000000000, 1.000000000],
      "refined_pose": [0.999496970, -0.006009506, -0.031139906, 0.245294446, 0.013139107, 0.972118359, 0.234122317, -0.671641693, 0.028864715, -0.234413697, 0.971708314, -0.285458850, 0.000000000, 0.000000000, 0.000000000, 1.000000000],
      "final_pose": [0.998388898, 0.011105781, 0.055644133, 0.053081559, -0.012680121, 0.999526927, 0.028020291, -0.105845368, -0.055306622, -0.028680722, 0.998057410, 0.008328685, 0.000000000, 0.000000000, 0.000000000, 1.000000000],
      "published_pose": null,
      "gt_pose": [0.998952141, -0.001081121, 0.045754257, -0.009795375, 0.000148378, 0.999792205, 0.020384420, 0.004088942, -0.045766787, -0.020356271, 0.998744724, 0.000262059, 0.000000000, 0.000000000, 0.000000000, 1.000000000]
    },
    {
      "frame_index": 14,
      "decision": "rejected_to_seed",
      "seed_source": "ct_icp",
      "accepted": false,
      "seed_fallback": false,
      "scan_context_hit": false,
      "scan_context_candidate_count": 0,
      "scan_context_candidates_evaluated": 0,
      "selected_candidate_index": -1,
      "scan_context_front_distance": null,
      "selected_candidate_distance": null,
      "selected_candidate_yaw_offset_rad": null,
      "ndt_score": 2.238625264,
      "ndt_iterations": 5,
      "ndt_converged": false,
      "publish_action": "return_unknown",
      "publish_state": "refinement_rejected_unknown",
      "publish_gate_reason": "NDT refinement was not accepted by runtime gates",
      "allow_pose_publish": false,
      "has_pose_output": false,
