{
  "trace_version": "fixed_map_ndt_trace_v1",
  "seed_source": "scan_context",
  "map_stride": 5,
  "scan_context_distance_threshold": 0.180000000,
  "scan_context_top_k": 5,
  "num_frames": 108,
  "map_points": 44000,
  "frames": [
    {
      "frame_index": 0,
      "decision": "anchor",
      "seed_source": "scan_context",
      "accepted": false,
      "seed_fallback": false,
      "scan_context_hit": false,
      "scan_context_candidate_count": 0,
      "scan_context_candidates_evaluated": 0,
      "selected_candidate_index": -1,
      "scan_context_front_distance": null,
      "selected_candidate_distance": null,
      "selected_candidate_yaw_offset_rad": null,
      "ndt_score": null,
      "ndt_iterations": 0,
      "ndt_converged": false,
      "seed_translation_error_m": 0.000000000,
      "seed_rotation_error_rad": 0.000000000,
      "refined_translation_error_m": 0.000000000,
      "refined_rotation_error_rad": 0.000000000,
      "final_translation_error_m": 0.000000000,
      "final_rotation_error_rad": 0.000000000,
      "correction_translation_delta_m": 0.000000000,
      "correction_rotation_delta_rad": 0.000000000,
      "final_step_m": null,
      "gt_step_m": null,
      "seed_pose": [1.000000000, 0.000000000, 0.000000000, 0.000000000, -0.000000000, 1.000000000, 0.000000000, -0.000000000, 0.000000000, -0.000000000, 1.000000000, -0.000000000, 0.000000000, 0.000000000, 0.000000000, 1.000000000],
      "refined_pose": [1.000000000, 0.000000000, 0.000000000, 0.000000000, -0.000000000, 1.000000000, 0.000000000, -0.000000000, 0.000000000, -0.000000000, 1.000000000, -0.000000000, 0.000000000, 0.000000000, 0.000000000, 1.000000000],
      "final_pose": [1.000000000, 0.000000000, 0.000000000, 0.000000000, -0.000000000, 1.000000000, 0.000000000, -0.000000000, 0.000000000, -0.000000000, 1.000000000, -0.000000000, 0.000000000, 0.000000000, 0.000000000, 1.000000000],
      "gt_pose": [1.000000000, 0.000000000, 0.000000000, 0.000000000, -0.000000000, 1.000000000, 0.000000000, -0.000000000, 0.000000000, -0.000000000, 1.000000000, -0.000000000, 0.000000000, 0.000000000, 0.000000000, 1.000000000]
    },
    {
      "frame_index": 1,
      "decision": "rejected_to_seed",
      "seed_source": "scan_context",
      "accepted": false,
      "seed_fallback": true,
      "scan_context_hit": false,
      "scan_context_candidate_count": 0,
      "scan_context_candidates_evaluated": 0,
      "selected_candidate_index": -1,
      "scan_context_front_distance": null,
      "selected_candidate_distance": null,
      "selected_candidate_yaw_offset_rad": null,
      "ndt_score": 2.340925967,
      "ndt_iterations": 4,
      "ndt_converged": true,
      "seed_translation_error_m": 1.529436432,
      "seed_rotation_error_rad": 0.003709392,
      "refined_translation_error_m": 46.413837064,
      "refined_rotation_error_rad": 2.814136321,
      "final_translation_error_m": 1.529436432,
      "final_rotation_error_rad": 0.003709392,
      "correction_translation_delta_m": 0.000000000,
      "correction_rotation_delta_rad": 0.000000000,
      "final_step_m": 0.000000000,
      "gt_step_m": 1.529436432,
      "seed_pose": [1.000000000, 0.000000000, 0.000000000, 0.000000000, -0.000000000, 1.000000000, 0.000000000, -0.000000000, 0.000000000, -0.000000000, 1.000000000, -0.000000000, 0.000000000, 0.000000000, 0.000000000, 1.000000000],
      "refined_pose": [-0.947284036, -0.320394997, 0.000023662, 46.887268442, 0.320394993, -0.947284007, 0.000241551, -9.818686982, -0.000054977, 0.000236399, 0.999999971, 0.795238672, 0.000000000, 0.000000000, 0.000000000, 1.000000000],
      "final_pose": [1.000000000, 0.000000000, 0.000000000, 0.000000000, -0.000000000, 1.000000000, 0.000000000, -0.000000000, 0.000000000, -0.000000000, 1.000000000, -0.000000000, 0.000000000, 0.000000000, 0.000000000, 1.000000000],
      "gt_pose": [0.999995607, -0.001307116, 0.002660442, 1.529293240, 0.001313045, 0.999996655, -0.002228289, -0.005550971, -0.002657520, 0.002231773, 0.999993978, 0.020178513, 0.000000000, 0.000000000, 0.000000000, 1.000000000]
    },
    {
      "frame_index": 2,
      "decision": "rejected_to_seed",
      "seed_source": "scan_context",
      "accepted": false,
      "seed_fallback": true,
      "scan_context_hit": false,
      "scan_context_candidate_count": 0,
      "scan_context_candidates_evaluated": 0,
      "selected_candidate_index": -1,
      "scan_context_front_distance": null,
      "selected_candidate_distance": null,
      "selected_candidate_yaw_offset_rad": null,
      "ndt_score": 1.987039676,
      "ndt_iterations": 3,
      "ndt_converged": false,
      "seed_translation_error_m": 3.053190408,
      "seed_rotation_error_rad": 0.005444391,
      "refined_translation_error_m": 58.144725047,
      "refined_rotation_error_rad": 0.368789608,
      "final_translation_error_m": 3.053190408,
      "final_rotation_error_rad": 0.005444391,
      "correction_translation_delta_m": 0.000000000,
      "correction_rotation_delta_rad": 0.000000000,
      "final_step_m": 0.000000000,
      "gt_step_m": 1.523759046,
      "seed_pose": [1.000000000, 0.000000000, 0.000000000, 0.000000000, -0.000000000, 1.000000000, 0.000000000, -0.000000000, 0.000000000, -0.000000000, 1.000000000, -0.000000000, 0.000000000, 0.000000000, 0.000000000, 1.000000000],
      "refined_pose": [0.933794317, 0.357809865, -0.000523538, 60.114927444, -0.357810186, 0.933794016, -0.000778542, -11.148478390, 0.000210307, 0.000914325, 0.999999560, 0.797801140, 0.000000000, 0.000000000, 0.000000000, 1.000000000],
      "final_pose": [1.000000000, 0.000000000, 0.000000000, 0.000000000, -0.000000000, 1.000000000, 0.000000000, -0.000000000, 0.000000000, -0.000000000, 1.000000000, -0.000000000, 0.000000000, 0.000000000, 0.000000000, 1.000000000],
      "gt_pose": [0.999989773, -0.002836023, 0.003522880, 3.052935051, 0.002846688, 0.999991370, -0.003026081, -0.005659338, -0.003514267, 0.003036078, 0.999989216, 0.039079595, 0.000000000, 0.000000000, 0.000000000, 1.000000000]
    },
    {
      "frame_index": 3,
      "decision": "rejected_to_seed",
      "seed_source": "scan_context",
      "accepted": false,
      "seed_fallback": true,
      "scan_context_hit": false,
      "scan_context_candidate_count": 0,
      "scan_context_candidates_evaluated": 0,
      "selected_candidate_index": -1,
      "scan_context_front_distance": null,
      "selected_candidate_distance": null,
      "selected_candidate_yaw_offset_rad": null,
      "ndt_score": 2.244222756,
      "ndt_iterations": 7,
      "ndt_converged": true,
      "seed_translation_error_m": 4.567314737,
      "seed_rotation_error_rad": 0.005679687,
      "refined_translation_error_m": 43.382659255,
      "refined_rotation_error_rad": 2.709583792,
      "final_translation_error_m": 4.567314737,
      "final_rotation_error_rad": 0.005679687,
      "correction_translation_delta_m": 0.000000000,
      "correction_rotation_delta_rad": 0.000000000,
      "final_step_m": 0.000000000,
      "gt_step_m": 1.514131717,
      "seed_pose": [1.000000000, 0.000000000, 0.000000000, 0.000000000, -0.000000000, 1.000000000, 0.000000000, -0.000000000, 0.000000000, -0.000000000, 1.000000000, -0.000000000, 0.000000000, 0.000000000, 0.000000000, 1.000000000],
      "refined_pose": [-0.909884605, -0.414860074, -0.001060682, 46.998421749, 0.414860854, -0.909884627, -0.000660840, -9.006375585, -0.000690942, -0.001041324, 0.999999219, 0.809892493, 0.000000000, 0.000000000, 0.000000000, 1.000000000],
      "final_pose": [1.000000000, 0.000000000, 0.000000000, 0.000000000, -0.000000000, 1.000000000, 0.000000000, -0.000000000, 0.000000000, -0.000000000, 1.000000000, -0.000000000, 0.000000000, 0.000000000, 0.000000000, 1.000000000],
      "gt_pose": [0.999986212, -0.004219098, 0.003126420, 4.566966918, 0.004225854, 0.999988744, -0.002157488, -0.003107683, -0.003117282, 0.002170670, 0.999992785, 0.056279862, 0.000000000, 0.000000000, 0.000000000, 1.000000000]
    },
    {
      "frame_index": 4,
      "decision": "rejected_to_seed",
      "seed_source": "scan_context",
      "accepted": false,
      "seed_fallback": true,
      "scan_context_hit": false,
      "scan_context_candidate_count": 0,
      "scan_context_candidates_evaluated": 0,
      "selected_candidate_index": -1,
      "scan_context_front_distance": null,
      "selected_candidate_distance": null,
      "selected_candidate_yaw_offset_rad": null,
      "ndt_score": 2.334519287,
      "ndt_iterations": 4,
      "ndt_converged": true,
      "seed_translation_error_m": 6.080551714,
      "seed_rotation_error_rad": 0.006679805,
      "refined_translation_error_m": 43.704049081,
      "refined_rotation_error_rad": 2.691464861,
      "final_translation_error_m": 6.080551714,
      "final_rotation_error_rad": 0.006679805,
      "correction_translation_delta_m": 0.000000000,
      "correction_rotation_delta_rad": 0.000000000,
      "final_step_m": 0.000000000,
      "gt_step_m": 1.513280384,
      "seed_pose": [1.000000000, 0.000000000, 0.000000000, 0.000000000, -0.000000000, 1.000000000, 0.000000000, -0.000000000, 0.000000000, -0.000000000, 1.000000000, -0.000000000, 0.000000000, 0.000000000, 0.000000000, 1.000000000],
      "refined_pose": [-0.902847557, -0.429960657, 0.000350164, 48.800215198, 0.429958728, -0.902840379, 0.003839656, -9.186230208, -0.001334759, 0.003617180, 0.999992567, 0.793427547, 0.000000000, 0.000000000, 0.000000000, 1.000000000],
      "final_pose": [1.000000000, 0.000000000, 0.000000000, 0.000000000, -0.000000000, 1.000000000, 0.000000000, -0.000000000, 0.000000000, -0.000000000, 1.000000000, -0.000000000, 0.000000000, 0.000000000, 0.000000000, 1.000000000],
      "gt_pose": [0.999978927, -0.005671144, 0.003159587, 6.080170151, 0.005676107, 0.999982668, -0.001564037, 0.006977272, -0.003150663, 0.001581939, 0.999993785, 0.067759917, 0.000000000, 0.000000000, 0.000000000, 1.000000000]
    },
    {
      "frame_index": 5,
      "decision": "accepted",
      "seed_source": "scan_context",
      "accepted": true,
      "seed_fallback": false,
      "scan_context_hit": true,
      "scan_context_candidate_count": 1,
      "scan_context_candidates_evaluated": 1,
      "selected_candidate_index": 1,
      "scan_context_front_distance": 0.000000000,
      "selected_candidate_distance": 0.000000000,
      "selected_candidate_yaw_offset_rad": 0.000000000,
      "ndt_score": 0.772139070,
      "ndt_iterations": 2,
      "ndt_converged": true,
      "seed_translation_error_m": 0.000000000,
      "seed_rotation_error_rad": 0.000000000,
      "refined_translation_error_m": 0.000164245,
      "refined_rotation_error_rad": 0.000010254,
      "final_translation_error_m": 0.000164245,
      "final_rotation_error_rad": 0.000010254,
      "correction_translation_delta_m": 0.000164245,
      "correction_rotation_delta_rad": 0.000010254,
      "final_step_m": 7.616473646,
      "gt_step_m": 1.536081984,
      "seed_pose": [0.999969305, -0.006954055, 0.003609783, 7.616173853, 0.006960134, 0.999974376, -0.001674298, 0.018959442, -0.003598047, 0.001699371, 0.999992083, 0.077604491, 0.000000000, 0.000000000, 0.000000000, 1.000000000],
      "refined_pose": [0.999969347, -0.006952114, 0.003601795, 7.616055868, 0.006958158, 0.999974400, -0.001668176, 0.018919295, -0.003590105, 0.001693187, 0.999992122, 0.077497513, 0.000000000, 0.000000000, 0.000000000, 1.000000000],
      "final_pose": [0.999969347, -0.006952114, 0.003601795, 7.616055868, 0.006958158, 0.999974400, -0.001668176, 0.018919295, -0.003590105, 0.001693187, 0.999992122, 0.077497513, 0.000000000, 0.000000000, 0.000000000, 1.000000000],
      "gt_pose": [0.999969305, -0.006954055, 0.003609783, 7.616173853, 0.006960134, 0.999974376, -0.001674298, 0.018959442, -0.003598047, 0.001699371, 0.999992083, 0.077604491, 0.000000000, 0.000000000, 0.000000000, 1.000000000]
    },
    {
      "frame_index": 6,
      "decision": "accepted",
      "seed_source": "scan_context",
      "accepted": true,
      "seed_fallback": true,
      "scan_context_hit": false,
      "scan_context_candidate_count": 0,
      "scan_context_candidates_evaluated": 0,
      "selected_candidate_index": -1,
      "scan_context_front_distance": null,
      "selected_candidate_distance": null,
      "selected_candidate_yaw_offset_rad": null,
      "ndt_score": 2.351460911,
      "ndt_iterations": 4,
      "ndt_converged": true,
      "seed_translation_error_m": 1.484144866,
      "seed_rotation_error_rad": 0.001601898,
      "refined_translation_error_m": 1.481643030,
      "refined_rotation_error_rad": 0.001622817,
      "final_translation_error_m": 1.481643030,
      "final_rotation_error_rad": 0.001622817,
      "correction_translation_delta_m": 0.002578023,
      "correction_rotation_delta_rad": 0.000103484,
      "final_step_m": 0.002578023,
      "gt_step_m": 1.484025734,
      "seed_pose": [0.999969347, -0.006952114, 0.003601795, 7.616055868, 0.006958158, 0.999974400, -0.001668176, 0.018919295, -0.003590105, 0.001693187, 0.999992122, 0.077497513, 0.000000000, 0.000000000, 0.000000000, 1.000000000],
      "refined_pose": [0.999969499, -0.006946309, 0.003570602, 7.618550674, 0.006951949, 0.999974603, -0.001569698, 0.019512587, -0.003559608, 0.001594473, 0.999992393, 0.077762374, 0.000000000, 0.000000000, 0.000000000, 1.000000000],
      "final_pose": [0.999969499, -0.006946309, 0.003570602, 7.618550674, 0.006951949, 0.999974603, -0.001569698, 0.019512587, -0.003559608, 0.001594473, 0.999992393, 0.077762374, 0.000000000, 0.000000000, 0.000000000, 1.000000000],
      "gt_pose": [0.999956395, -0.008537704, 0.003783489, 9.100098997, 0.008544559, 0.999961876, -0.001799437, 0.032321259, -0.003767982, 0.001831687, 0.999991224, 0.088559357, 0.000000000, 0.000000000, 0.000000000, 1.000000000]
    },
    {
      "frame_index": 7,
      "decision": "accepted",
      "seed_source": "scan_context",
      "accepted": true,
      "seed_fallback": true,
      "scan_context_hit": false,
      "scan_context_candidate_count": 0,
      "scan_context_candidates_evaluated": 0,
      "selected_candidate_index": -1,
      "scan_context_front_distance": null,
      "selected_candidate_distance": null,
      "selected_candidate_yaw_offset_rad": null,
      "ndt_score": 2.157619991,
      "ndt_iterations": 6,
      "ndt_converged": true,
      "seed_translation_error_m": 2.982004649,
      "seed_rotation_error_rad": 0.003968612,
      "refined_translation_error_m": 3.005307762,
      "refined_rotation_error_rad": 0.003718407,
      "final_translation_error_m": 3.005307762,
      "final_rotation_error_rad": 0.003718407,
      "correction_translation_delta_m": 0.023789539,
      "correction_rotation_delta_rad": 0.000642493,
      "final_step_m": 0.023789539,
      "gt_step_m": 1.500361660,
      "seed_pose": [0.999969499, -0.006946309, 0.003570602, 7.618550674, 0.006951949, 0.999974603, -0.001569698, 0.019512587, -0.003559608, 0.001594473, 0.999992393, 0.077762374, 0.000000000, 0.000000000, 0.000000000, 1.000000000],
      "refined_pose": [0.999964812, -0.007332754, 0.004074921, 7.595232566, 0.007339583, 0.999971681, -0.001663602, 0.017882974, -0.004062607, 0.001693451, 0.999990314, 0.082184182, 0.000000000, 0.000000000, 0.000000000, 1.000000000],
      "final_pose": [0.999964812, -0.007332754, 0.004074921, 7.595232566, 0.007339583, 0.999971681, -0.001663602, 0.017882974, -0.004062607, 0.001693451, 0.999990314, 0.082184182, 0.000000000, 0.000000000, 0.000000000, 1.000000000],
      "gt_pose": [0.999942767, -0.010285810, 0.002943468, 10.600367665, 0.010296411, 0.999940477, -0.003609075, 0.045359696, -0.002906171, 0.003639175, 0.999989155, 0.099001252, 0.000000000, 0.000000000, 0.000000000, 1.000000000]
    },
    {
      "frame_index": 8,
      "decision": "accepted",
      "seed_source": "scan_context",
      "accepted": true,
      "seed_fallback": true,
      "scan_context_hit": false,
      "scan_context_candidate_count": 0,
      "scan_context_candidates_evaluated": 0,
      "selected_candidate_index": -1,
      "scan_context_front_distance": null,
      "selected_candidate_distance": null,
      "selected_candidate_yaw_offset_rad": null,
      "ndt_score": 2.188343505,
      "ndt_iterations": 4,
      "ndt_converged": true,
      "seed_translation_error_m": 4.500361772,
      "seed_rotation_error_rad": 0.005386358,
      "refined_translation_error_m": 4.493054059,
      "refined_rotation_error_rad": 0.005170278,
      "final_translation_error_m": 4.493054059,
      "final_rotation_error_rad": 0.005170278,
      "correction_translation_delta_m": 0.011559630,
      "correction_rotation_delta_rad": 0.000844047,
      "final_step_m": 0.011559630,
      "gt_step_m": 1.495061000,
      "seed_pose": [0.999964812, -0.007332754, 0.004074921, 7.595232566, 0.007339583, 0.999971681, -0.001663602, 0.017882974, -0.004062607, 0.001693451, 0.999990314, 0.082184182, 0.000000000, 0.000000000, 0.000000000, 1.000000000],
      "refined_pose": [0.999964591, -0.007179537, 0.004389948, 7.602624249, 0.007190261, 0.999971192, -0.002432156, 0.014148370, -0.004372360, 0.002463635, 0.999987406, 0.074119394, 0.000000000, 0.000000000, 0.000000000, 1.000000000],
      "final_pose": [0.999964591, -0.007179537, 0.004389948, 7.602624249, 0.007190261, 0.999971192, -0.002432156, 0.014148370, -0.004372360, 0.002463635, 0.999987406, 0.074119394, 0.000000000, 0.000000000, 0.000000000, 1.000000000],
      "gt_pose": [0.999927181, -0.011623632, 0.003244120, 12.095323203, 0.011639116, 0.999920762, -0.004795815, 0.062639190, -0.003188118, 0.004833224, 0.999983238, 0.103094043, 0.000000000, 0.000000000, 0.000000000, 1.000000000]
    },
    {
      "frame_index": 9,
      "decision": "accepted",
      "seed_source": "scan_context",
      "accepted": true,
      "seed_fallback": true,
      "scan_context_hit": false,
      "scan_context_candidate_count": 0,
      "scan_context_candidates_evaluated": 0,
      "selected_candidate_index": -1,
      "scan_context_front_distance": null,
      "selected_candidate_distance": null,
      "selected_candidate_yaw_offset_rad": null,
      "ndt_score": 2.568840118,
      "ndt_iterations": 5,
      "ndt_converged": true,
      "seed_translation_error_m": 5.986406045,
      "seed_rotation_error_rad": 0.006298963,
      "refined_translation_error_m": 5.975038325,
      "refined_rotation_error_rad": 0.005882372,
      "final_translation_error_m": 5.975038325,
      "final_rotation_error_rad": 0.005882372,
      "correction_translation_delta_m": 0.011749031,
      "correction_rotation_delta_rad": 0.002317745,
      "final_step_m": 0.011749031,
      "gt_step_m": 1.493359275,
      "seed_pose": [0.999964591, -0.007179537, 0.004389948, 7.602624249, 0.007190261, 0.999971192, -0.002432156, 0.014148370, -0.004372360, 0.002463635, 0.999987406, 0.074119394, 0.000000000, 0.000000000, 0.000000000, 1.000000000],
      "refined_pose": [0.999970120, -0.007032243, 0.003210348, 7.614009548, 0.007046408, 0.999965395, -0.004422368, 0.011855422, -0.003179138, 0.004444857, 0.999985068, 0.075896216, 0.000000000, 0.000000000, 0.000000000, 1.000000000],
      "final_pose": [0.999970120, -0.007032243, 0.003210348, 7.614009548, 0.007046408, 0.999965395, -0.004422368, 0.011855422, -0.003179138, 0.004444857, 0.999985068, 0.075896216, 0.000000000, 0.000000000, 0.000000000, 1.000000000],
      "gt_pose": [0.999911225, -0.012896255, 0.003350786, 13.588532769, 0.012912398, 0.999904909, -0.004841734, 0.082869073, -0.003288027, 0.004884571, 0.999982665, 0.109247577, 0.000000000, 0.000000000, 0.000000000, 1.000000000]
    },
    {
      "frame_index": 10,
      "decision": "accepted",
      "seed_source": "scan_context",
      "accepted": true,
      "seed_fallback": false,
      "scan_context_hit": true,
      "scan_context_candidate_count": 1,
      "scan_context_candidates_evaluated": 1,
      "selected_candidate_index": 2,
      "scan_context_front_distance": 0.000000000,
      "selected_candidate_distance": 0.000000000,
      "selected_candidate_yaw_offset_rad": 0.000000000,
      "ndt_score": 0.763706160,
      "ndt_iterations": 2,
      "ndt_converged": true,
      "seed_translation_error_m": 0.000000000,
      "seed_rotation_error_rad": 0.000000000,
      "refined_translation_error_m": 0.000135955,
      "refined_rotation_error_rad": 0.000003202,
      "final_translation_error_m": 0.000135955,
      "final_rotation_error_rad": 0.000003202,
      "correction_translation_delta_m": 0.000135955,
      "correction_rotation_delta_rad": 0.000003202,
      "final_step_m": 7.463807601,
      "gt_step_m": 1.488880440,
      "seed_pose": [0.999896621, -0.014067508, 0.002975259, 15.077160664, 0.014080319, 0.999891493, -0.004329667, 0.108955624, -0.002914029, 0.004371112, 0.999986201, 0.117700350, 0.000000000, 0.000000000, 0.000000000, 1.000000000],
      "refined_pose": [0.999896604, -0.014068201, 0.002977787, 15.077068297, 0.014081017, 0.999891492, -0.004327825, 0.109003422, -0.002916579, 0.004369308, 0.999986201, 0.117612785, 0.000000000, 0.000000000, 0.000000000, 1.000000000],
      "final_pose": [0.999896604, -0.014068201, 0.002977787, 15.077068297, 0.014081017, 0.999891492, -0.004327825, 0.109003422, -0.002916579, 0.004369308, 0.999986201, 0.117612785, 0.000000000, 0.000000000, 0.000000000, 1.000000000],
      "gt_pose": [0.999896621, -0.014067508, 0.002975259, 15.077160664, 0.014080319, 0.999891493, -0.004329667, 0.108955624, -0.002914029, 0.004371112, 0.999986201, 0.117700350, 0.000000000, 0.000000000, 0.000000000, 1.000000000]
    },
    {
      "frame_index": 11,
      "decision": "accepted",
      "seed_source": "scan_context",
      "accepted": true,
      "seed_fallback": true,
      "scan_context_hit": false,
      "scan_context_candidate_count": 0,
      "scan_context_candidates_evaluated": 0,
      "selected_candidate_index": -1,
      "scan_context_front_distance": null,
      "selected_candidate_distance": null,
      "selected_candidate_yaw_offset_rad": null,
      "ndt_score": 2.248848361,
      "ndt_iterations": 4,
      "ndt_converged": true,
      "seed_translation_error_m": 1.485087944,
      "seed_rotation_error_rad": 0.001780454,
      "refined_translation_error_m": 1.466650094,
      "refined_rotation_error_rad": 0.001245633,
      "final_translation_error_m": 1.466650094,
      "final_rotation_error_rad": 0.001245633,
      "correction_translation_delta_m": 0.019457880,
      "correction_rotation_delta_rad": 0.000785697,
      "final_step_m": 0.019457880,
      "gt_step_m": 1.484995771,
      "seed_pose": [0.999896604, -0.014068201, 0.002977787, 15.077068297, 0.014081017, 0.999891492, -0.004327825, 0.109003422, -0.002916579, 0.004369308, 0.999986201, 0.117612785, 0.000000000, 0.000000000, 0.000000000, 1.000000000],
      "refined_pose": [0.999899281, -0.013879571, 0.002963931, 15.095405750, 0.013890111, 0.999897170, -0.003565808, 0.115341202, -0.002914134, 0.003606618, 0.999989250, 0.116136476, 0.000000000, 0.000000000, 0.000000000, 1.000000000],
      "final_pose": [0.999899281, -0.013879571, 0.002963931, 15.095405750, 0.013890111, 0.999897170, -0.003565808, 0.115341202, -0.002914134, 0.003606618, 0.999989250, 0.116136476, 0.000000000, 0.000000000, 0.000000000, 1.000000000],
      "gt_pose": [0.999887547, -0.014561270, 0.003586385, 16.561765834, 0.014571090, 0.999890116, -0.002727336, 0.139994075, -0.003546278, 0.002779287, 0.999989850, 0.131719792, 0.000000000, 0.000000000, 0.000000000, 1.000000000]
    },
    {
      "frame_index": 12,
      "decision": "accepted",
      "seed_source": "scan_context",
      "accepted": true,
      "seed_fallback": true,
      "scan_context_hit": false,
      "scan_context_candidate_count": 0,
      "scan_context_candidates_evaluated": 0,
      "selected_candidate_index": -1,
      "scan_context_front_distance": null,
      "selected_candidate_distance": null,
      "selected_candidate_yaw_offset_rad": null,
      "ndt_score": 2.780223810,
      "ndt_iterations": 5,
      "ndt_converged": false,
      "seed_translation_error_m": 2.949657855,
      "seed_rotation_error_rad": 0.002970087,
      "refined_translation_error_m": 2.948457377,
      "refined_rotation_error_rad": 0.002221172,
      "final_translation_error_m": 2.948457377,
      "final_rotation_error_rad": 0.002221172,
      "correction_translation_delta_m": 0.023339276,
      "correction_rotation_delta_rad": 0.001134268,
      "final_step_m": 0.023339276,
      "gt_step_m": 1.483025865,
      "seed_pose": [0.999899281, -0.013879571, 0.002963931, 15.095405750, 0.013890111, 0.999897170, -0.003565808, 0.115341202, -0.002914134, 0.003606618, 0.999989250, 0.116136476, 0.000000000, 0.000000000, 0.000000000, 1.000000000],
      "refined_pose": [0.999884915, -0.014720918, 0.003667566, 15.097209762, 0.014732945, 0.999886103, -0.003274240, 0.092815272, -0.003618948, 0.003327898, 0.999987914, 0.110301249, 0.000000000, 0.000000000, 0.000000000, 1.000000000],
      "final_pose": [0.999884915, -0.014720918, 0.003667566, 15.097209762, 0.014732945, 0.999886103, -0.003274240, 0.092815272, -0.003618948, 0.003327898, 0.999987914, 0.110301249, 0.000000000, 0.000000000, 0.000000000, 1.000000000],
      "gt_pose": [0.999877875, -0.015030895, 0.004278608, 18.044325510, 0.015035986, 0.999886280, -0.001160185, 0.174892272, -0.004260683, 0.001224376, 0.999990174, 0.144550883, 0.000000000, 0.000000000, 0.000000000, 1.000000000]
    },
    {
      "frame_index": 13,
      "decision": "accepted",
      "seed_source": "scan_context",
      "accepted": true,
      "seed_fallback": true,
      "scan_context_hit": false,
      "scan_context_candidate_count": 0,
      "scan_context_candidates_evaluated": 0,
      "selected_candidate_index": -1,
      "scan_context_front_distance": null,
      "selected_candidate_distance": null,
      "selected_candidate_yaw_offset_rad": null,
      "ndt_score": 2.722423897,
      "ndt_iterations": 3,
      "ndt_converged": true,
      "seed_translation_error_m": 4.422660421,
      "seed_rotation_error_rad": 0.003551555,
      "refined_translation_error_m": 4.430969030,
      "refined_rotation_error_rad": 0.003436741,
      "final_translation_error_m": 4.430969030,
      "final_rotation_error_rad": 0.003436741,
      "correction_translation_delta_m": 0.009139219,
      "correction_rotation_delta_rad": 0.000388396,
      "final_step_m": 0.009139219,
      "gt_step_m": 1.474219199,
      "seed_pose": [0.999884915, -0.014720918, 0.003667566, 15.097209762, 0.014732945, 0.999886103, -0.003274240, 0.092815272, -0.003618948, 0.003327898, 0.999987914, 0.110301249, 0.000000000, 0.000000000, 0.000000000, 1.000000000],
      "refined_pose": [0.999880165, -0.014964198, 0.003965882, 15.088853866, 0.014977417, 0.999882304, -0.003324797, 0.093039586, -0.003915662, 0.003383797, 0.999986609, 0.113996382, 0.000000000, 0.000000000, 0.000000000, 1.000000000],
      "final_pose": [0.999880165, -0.014964198, 0.003965882, 15.088853866, 0.014977417, 0.999882304, -0.003324797, 0.093039586, -0.003915662, 0.003383797, 0.999986609, 0.113996382, 0.000000000, 0.000000000, 0.000000000, 1.000000000],
      "gt_pose": [0.999865144, -0.015618745, 0.005074219, 19.518103929, 0.015619632, 0.999877997, -0.000135315, 0.208396895, -0.005071487, 0.000214555, 0.999987117, 0.157849750, 0.000000000, 0.000000000, 0.000000000, 1.000000000]
    },
    {
      "frame_index": 14,
      "decision": "accepted",
      "seed_source": "scan_context",
      "accepted": true,
      "seed_fallback": true,
      "scan_context_hit": false,
      "scan_context_candidate_count": 0,
      "scan_context_candidates_evaluated": 0,
      "selected_candidate_index": -1,
      "scan_context_front_distance": null,
      "selected_candidate_distance": null,
      "selected_candidate_yaw_offset_rad": null,
      "ndt_score": 2.483393442,
      "ndt_iterations": 7,
      "ndt_converged": true,
      "seed_translation_error_m": 5.904684456,
      "seed_rotation_error_rad": 0.003611295,
      "refined_translation_error_m": 5.926951269,
      "refined_rotation_error_rad": 0.003034670,
      "final_translation_error_m": 5.926951269,
      "final_rotation_error_rad": 0.003034670,
      "correction_translation_delta_m": 0.023477167,
      "correction_rotation_delta_rad": 0.001599832,
      "final_step_m": 0.023477167,
      "gt_step_m": 1.473735976,
      "seed_pose": [0.999880165, -0.014964198, 0.003965882, 15.088853866, 0.014977417, 0.999882304, -0.003324797, 0.093039586, -0.003915662, 0.003383797, 0.999986609, 0.113996382, 0.000000000, 0.000000000, 0.000000000, 1.000000000],
      "refined_pose": [0.999893258, -0.013974712, 0.004263820, 15.066406158, 0.013983794, 0.999900001, -0.002107634, 0.098814474, -0.004233940, 0.002167034, 0.999988689, 0.117728464, 0.000000000, 0.000000000, 0.000000000, 1.000000000],
      "final_pose": [0.999893258, -0.013974712, 0.004263820, 15.066406158, 0.013983794, 0.999900001, -0.002107634, 0.098814474, -0.004233940, 0.002167034, 0.999988689, 0.117728464, 0.000000000, 0.000000000, 0.000000000, 1.000000000],
      "gt_pose": [0.999857141, -0.016058000, 0.005276258, 20.991446471, 0.016058948, 0.999871037, -0.000137409, 0.241682708, -0.005273371, 0.000222120, 0.999986071, 0.165028606, 0.000000000, 0.000000000, 0.000000000, 1.000000000]
    },
    {
      "frame_index": 15,
      "decision": "accepted",
      "seed_source": "scan_context",
      "accepted": true,
      "seed_fallback": false,
      "scan_context_hit": true,
      "scan_context_candidate_count": 1,
      "scan_context_candidates_evaluated": 1,
      "selected_candidate_index": 3,
      "scan_context_front_distance": 0.000000000,
      "selected_candidate_distance": 0.000000000,
      "selected_candidate_yaw_offset_rad": 0.000000000,
      "ndt_score": 0.774468191,
      "ndt_iterations": 1,
      "ndt_converged": true,
      "seed_translation_error_m": 0.000000000,
      "seed_rotation_error_rad": 0.000000000,
      "refined_translation_error_m": 0.000084155,
      "refined_rotation_error_rad": 0.000009083,
      "final_translation_error_m": 0.000084155,
      "final_rotation_error_rad": 0.000009083,
      "correction_translation_delta_m": 0.000084155,
      "correction_rotation_delta_rad": 0.000009083,
      "final_step_m": 7.389234712,
      "gt_step_m": 1.462324963,
      "seed_pose": [0.999848384, -0.016565677, 0.005365329, 22.453463927, 0.016564177, 0.999862752, 0.000323868, 0.271341596, -0.005369958, -0.000234947, 0.999985554, 0.169456639, 0.000000000, 0.000000000, 0.000000000, 1.000000000],
      "refined_pose": [0.999848406, -0.016563774, 0.005367114, 22.453446106, 0.016562321, 0.999862786, 0.000315158, 0.271334316, -0.005371598, -0.000226218, 0.999985547, 0.169374715, 0.000000000, 0.000000000, 0.000000000, 1.000000000],
      "final_pose": [0.999848406, -0.016563774, 0.005367114, 22.453446106, 0.016562321, 0.999862786, 0.000315158, 0.271334316, -0.005371598, -0.000226218, 0.999985547, 0.169374715, 0.000000000, 0.000000000, 0.000000000, 1.000000000],
      "gt_pose": [0.999848384, -0.016565677, 0.005365329, 22.453463927, 0.016564177, 0.999862752, 0.000323868, 0.271341596, -0.005369958, -0.000234947, 0.999985554, 0.169456639, 0.000000000, 0.000000000, 0.000000000, 1.000000000]
    },
    {
      "frame_index": 16,
      "decision": "accepted",
      "seed_source": "scan_context",
      "accepted": true,
      "seed_fallback": true,
      "scan_context_hit": false,
      "scan_context_candidate_count": 0,
      "scan_context_candidates_evaluated": 0,
      "selected_candidate_index": -1,
      "scan_context_front_distance": null,
      "selected_candidate_distance": null,
      "selected_candidate_yaw_offset_rad": null,
      "ndt_score": 2.572477839,
      "ndt_iterations": 8,
      "ndt_converged": true,
      "seed_translation_error_m": 1.457490687,
      "seed_rotation_error_rad": 0.000888280,
      "refined_translation_error_m": 1.433953760,
      "refined_rotation_error_rad": 0.000386224,
      "final_translation_error_m": 1.433953760,
      "final_rotation_error_rad": 0.000386224,
      "correction_translation_delta_m": 0.031131678,
      "correction_rotation_delta_rad": 0.000847726,
      "final_step_m": 0.031131678,
      "gt_step_m": 1.457472529,
      "seed_pose": [0.999848406, -0.016563774, 0.005367114, 22.453446106, 0.016562321, 0.999862786, 0.000315158, 0.271334316, -0.005371598, -0.000226218, 0.999985547, 0.169374715, 0.000000000, 0.000000000, 0.000000000, 1.000000000],
      "refined_pose": [0.999839013, -0.016972184, 0.005821720, 22.477542980, 0.016967197, 0.999855637, 0.000904872, 0.252207726, -0.005836238, -0.000805948, 0.999982644, 0.164610722, 0.000000000, 0.000000000, 0.000000000, 1.000000000],
      "final_pose": [0.999839013, -0.016972184, 0.005821720, 22.477542980, 0.016967197, 0.999855637, 0.000904872, 0.252207726, -0.005836238, -0.000805948, 0.999982644, 0.164610722, 0.000000000, 0.000000000, 0.000000000, 1.000000000],
      "gt_pose": [0.999844392, -0.016614554, 0.005928578, 23.910612452, 0.016608899, 0.999861561, 0.001001876, 0.301890569, -0.005944403, -0.000903253, 0.999981924, 0.172789393, 0.000000000, 0.000000000, 0.000000000, 1.000000000]
    },
    {
      "frame_index": 17,
      "decision": "accepted",
      "seed_source": "scan_context",
      "accepted": true,
      "seed_fallback": true,
      "scan_context_hit": false,
      "scan_context_candidate_count": 0,
      "scan_context_candidates_evaluated": 0,
      "selected_candidate_index": -1,
      "scan_context_front_distance": null,
      "selected_candidate_distance": null,
      "selected_candidate_yaw_offset_rad": null,
      "ndt_score": 2.673944265,
      "ndt_iterations": 6,
      "ndt_converged": true,
      "seed_translation_error_m": 2.886647019,
      "seed_rotation_error_rad": 0.001651996,
      "refined_translation_error_m": 2.899695473,
      "refined_rotation_error_rad": 0.002064508,
      "final_translation_error_m": 2.899695473,
      "final_rotation_error_rad": 0.002064508,
      "correction_translation_delta_m": 0.017214403,
      "correction_rotation_delta_rad": 0.000824770,
      "final_step_m": 0.017214403,
      "gt_step_m": 1.452755376,
      "seed_pose": [0.999839013, -0.016972184, 0.005821720, 22.477542980, 0.016967197, 0.999855637, 0.000904872, 0.252207726, -0.005836238, -0.000805948, 0.999982644, 0.164610722, 0.000000000, 0.000000000, 0.000000000, 1.000000000],
      "refined_pose": [0.999835942, -0.017043728, 0.006131875, 22.464432921, 0.017043163, 0.999854744, 0.000144444, 0.256668398, -0.006133446, -0.000039914, 0.999981189, 0.154385047, 0.000000000, 0.000000000, 0.000000000, 1.000000000],
      "final_pose": [0.999835942, -0.017043728, 0.006131875, 22.464432921, 0.017043163, 0.999854744, 0.000144444, 0.256668398, -0.006133446, -0.000039914, 0.999981189, 0.154385047, 0.000000000, 0.000000000, 0.000000000, 1.000000000],
      "gt_pose": [0.999837160, -0.016607461, 0.007060125, 25.363016270, 0.016594197, 0.999860438, 0.001933227, 0.333423081, -0.007091246, -0.001815755, 0.999973208, 0.177988567, 0.000000000, 0.000000000, 0.000000000, 1.000000000]
    },
    {
      "frame_index": 18,
      "decision": "accepted",
      "seed_source": "scan_context",
      "accepted": true,
      "seed_fallback": true,
      "scan_context_hit": false,
      "scan_context_candidate_count": 0,
      "scan_context_candidates_evaluated": 0,
      "selected_candidate_index": -1,
      "scan_context_front_distance": null,
      "selected_candidate_distance": null,
      "selected_candidate_yaw_offset_rad": null,
      "ndt_score": 2.309038816,
      "ndt_iterations": 3,
      "ndt_converged": true,
      "seed_translation_error_m": 4.341006789,
      "seed_rotation_error_rad": 0.002179464,
      "refined_translation_error_m": 4.348870951,
      "refined_rotation_error_rad": 0.002102345,
      "final_translation_error_m": 4.348870951,
      "final_rotation_error_rad": 0.002102345,
      "correction_translation_delta_m": 0.010846827,
      "correction_rotation_delta_rad": 0.000484950,
      "final_step_m": 0.010846827,
      "gt_step_m": 1.441342511,
      "seed_pose": [0.999835942, -0.017043728, 0.006131875, 22.464432921, 0.017043163, 0.999854744, 0.000144444, 0.256668398, -0.006133446, -0.000039914, 0.999981189, 0.154385047, 0.000000000, 0.000000000, 0.000000000, 1.000000000],
      "refined_pose": [0.999844392, -0.016631360, 0.005881263, 22.456422365, 0.016630534, 0.999861685, 0.000189412, 0.263445105, -0.005883600, -0.000091574, 0.999982687, 0.151635343, 0.000000000, 0.000000000, 0.000000000, 1.000000000],
      "final_pose": [0.999844392, -0.016631360, 0.005881263, 22.456422365, 0.016630534, 0.999861685, 0.000189412, 0.263445105, -0.005883600, -0.000091574, 0.999982687, 0.151635343, 0.000000000, 0.000000000, 0.000000000, 1.000000000],
      "gt_pose": [0.999843740, -0.016543996, 0.006228299, 26.804035975, 0.016530198, 0.999860812, 0.002260504, 0.363762364, -0.006264830, -0.002157196, 0.999978049, 0.181146234, 0.000000000, 0.000000000, 0.000000000, 1.000000000]
    },
    {
      "frame_index": 19,
      "decision": "accepted",
      "seed_source": "scan_context",
      "accepted": true,
      "seed_fallback": true,
      "scan_context_hit": false,
      "scan_context_candidate_count": 0,
      "scan_context_candidates_evaluated": 0,
      "selected_candidate_index": -1,
      "scan_context_front_distance": null,
      "selected_candidate_distance": null,
      "selected_candidate_yaw_offset_rad": null,
      "ndt_score": 2.612605735,
      "ndt_iterations": 4,
      "ndt_converged": true,
      "seed_translation_error_m": 5.782243639,
      "seed_rotation_error_rad": 0.003380866,
      "refined_translation_error_m": 5.783739587,
      "refined_rotation_error_rad": 0.003807227,
      "final_translation_error_m": 5.783739587,
      "final_rotation_error_rad": 0.003807227,
      "correction_translation_delta_m": 0.016571033,
      "correction_rotation_delta_rad": 0.000641200,
      "final_step_m": 0.016571033,
      "gt_step_m": 1.433374673,
      "seed_pose": [0.999844392, -0.016631360, 0.005881263, 22.456422365, 0.016630534, 0.999861685, 0.000189412, 0.263445105, -0.005883600, -0.000091574, 0.999982687, 0.151635343, 0.000000000, 0.000000000, 0.000000000, 1.000000000],
      "refined_pose": [0.999849046, -0.016356978, 0.005859613, 22.454562403, 0.016359550, 0.999866097, -0.000391293, 0.278828339, -0.005852428, 0.000487094, 0.999982756, 0.157508655, 0.000000000, 0.000000000, 0.000000000, 1.000000000],
      "final_pose": [0.999849046, -0.016356978, 0.005859613, 22.454562403, 0.016359550, 0.999866097, -0.000391293, 0.278828339, -0.005852428, 0.000487094, 0.999982756, 0.157508655, 0.000000000, 0.000000000, 0.000000000, 1.000000000],
      "gt_pose": [0.999858350, -0.016447393, 0.003572665, 28.237059163, 0.016437968, 0.999861372, 0.002651570, 0.394108853, -0.003615781, -0.002592467, 0.999990103, 0.190451461, 0.000000000, 0.000000000, 0.000000000, 1.000000000]
    },
    {
      "frame_index": 20,
      "decision": "accepted",
      "seed_source": "scan_context",
      "accepted": true,
      "seed_fallback": false,
      "scan_context_hit": true,
      "scan_context_candidate_count": 1,
      "scan_context_candidates_evaluated": 1,
      "selected_candidate_index": 4,
      "scan_context_front_distance": 0.000000000,
      "selected_candidate_distance": 0.000000000,
      "selected_candidate_yaw_offset_rad": 0.000000000,
      "ndt_score": 0.805247579,
      "ndt_iterations": 1,
      "ndt_converged": true,
      "seed_translation_error_m": 0.000000000,
      "seed_rotation_error_rad": 0.000000000,
      "refined_translation_error_m": 0.000185588,
      "refined_rotation_error_rad": 0.000006742,
      "final_translation_error_m": 0.000185588,
      "final_rotation_error_rad": 0.000006742,
      "correction_translation_delta_m": 0.000185588,
      "correction_rotation_delta_rad": 0.000006742,
      "final_step_m": 7.209660180,
      "gt_step_m": 1.425951053,
