{
  "trace_version": "fixed_map_ndt_trace_v2",
  "seed_source": "scan_context",
  "map_stride": 5,
  "scan_context_distance_threshold": 0.180000000,
  "scan_context_top_k": 5,
  "publish_policy": {
    "policy_version": "fixed_map_ndt_runtime_publish_policy_v1",
    "gt_safety_label_version": "fixed_map_ndt_trace_gt_safety_v1",
    "publish_error_m": 1.000000000,
    "jump_step_ratio": 3.000000000,
    "recovery_error_drop_m": 1.000000000,
    "min_stable_frames": 5,
    "max_hold_frames": 3,
    "scan_context_relock_min_confirmations": 2,
    "scan_context_relock_max_distance": 0.050000000,
    "scan_context_relock_max_ndt_score": 1.200000000,
    "scan_context_relock_max_score_delta": 0.250000000,
    "scan_context_publish_requires_relock_sequence_verifier": true
  },
  "num_frames": 108,
  "map_points": 44000,
  "frames": [
    {
      "frame_index": 0,
      "decision": "anchor",
      "seed_source": "scan_context",
      "accepted": false,
      "seed_fallback": false,
      "scan_context_hit": false,
      "scan_context_candidate_count": 0,
      "scan_context_candidates_evaluated": 0,
      "selected_candidate_index": -1,
      "scan_context_front_distance": null,
      "selected_candidate_distance": null,
      "selected_candidate_yaw_offset_rad": null,
      "ndt_score": null,
      "ndt_iterations": 0,
      "ndt_converged": false,
      "publish_action": "return_unknown",
      "publish_state": "anchor_frame",
      "publish_gate_reason": "initial anchor is not a runtime publish proof",
      "allow_pose_publish": false,
      "has_pose_output": false,
      "runtime_refinement_candidate": false,
      "relock_candidate": false,
      "relock_sequence_compatible": false,
      "runtime_refinement_streak": 0,
      "relock_streak": 0,
      "relock_candidate_index_delta": 0,
      "relock_frame_gap": 0,
      "relock_rejected_reason": "",
      "publish_hold_age_frames": 0,
      "gt_safety_state": "inside_publish_envelope",
      "gt_wrong_pose": false,
      "gt_recovery_transition": false,
      "gt_unsafe_transition": false,
      "published_translation_error_m": null,
      "seed_translation_error_m": 0.000000000,
      "seed_rotation_error_rad": 0.000000000,
      "refined_translation_error_m": 0.000000000,
      "refined_rotation_error_rad": 0.000000000,
      "final_translation_error_m": 0.000000000,
      "final_rotation_error_rad": 0.000000000,
      "correction_translation_delta_m": 0.000000000,
      "correction_rotation_delta_rad": 0.000000000,
      "final_step_m": null,
      "gt_step_m": null,
      "seed_pose": [1.000000000, 0.000000000, 0.000000000, 0.000000000, -0.000000000, 1.000000000, 0.000000000, -0.000000000, 0.000000000, -0.000000000, 1.000000000, -0.000000000, 0.000000000, 0.000000000, 0.000000000, 1.000000000],
      "refined_pose": [1.000000000, 0.000000000, 0.000000000, 0.000000000, -0.000000000, 1.000000000, 0.000000000, -0.000000000, 0.000000000, -0.000000000, 1.000000000, -0.000000000, 0.000000000, 0.000000000, 0.000000000, 1.000000000],
      "final_pose": [1.000000000, 0.000000000, 0.000000000, 0.000000000, -0.000000000, 1.000000000, 0.000000000, -0.000000000, 0.000000000, -0.000000000, 1.000000000, -0.000000000, 0.000000000, 0.000000000, 0.000000000, 1.000000000],
      "published_pose": null,
      "gt_pose": [1.000000000, 0.000000000, 0.000000000, 0.000000000, -0.000000000, 1.000000000, 0.000000000, -0.000000000, 0.000000000, -0.000000000, 1.000000000, -0.000000000, 0.000000000, 0.000000000, 0.000000000, 1.000000000]
    },
    {
      "frame_index": 1,
      "decision": "rejected",
      "seed_source": "scan_context",
      "accepted": false,
      "seed_fallback": false,
      "scan_context_hit": true,
      "scan_context_candidate_count": 1,
      "scan_context_candidates_evaluated": 1,
      "selected_candidate_index": -1,
      "scan_context_front_distance": 0.176058546,
      "selected_candidate_distance": null,
      "selected_candidate_yaw_offset_rad": null,
      "ndt_score": null,
      "ndt_iterations": 0,
      "ndt_converged": false,
      "publish_action": "return_unknown",
      "publish_state": "refinement_rejected_unknown",
      "publish_gate_reason": "NDT refinement was not accepted by runtime gates",
      "allow_pose_publish": false,
      "has_pose_output": false,
      "runtime_refinement_candidate": false,
      "relock_candidate": false,
      "relock_sequence_compatible": false,
      "runtime_refinement_streak": 0,
      "relock_streak": 0,
      "relock_candidate_index_delta": 0,
      "relock_frame_gap": 0,
      "relock_rejected_reason": "",
      "publish_hold_age_frames": 0,
      "gt_safety_state": "wrong_pose",
      "gt_wrong_pose": true,
      "gt_recovery_transition": false,
      "gt_unsafe_transition": false,
      "published_translation_error_m": null,
      "seed_translation_error_m": 1.529436432,
      "seed_rotation_error_rad": 0.003709392,
      "refined_translation_error_m": 1.529436432,
      "refined_rotation_error_rad": 0.003709392,
      "final_translation_error_m": 1.529436432,
      "final_rotation_error_rad": 0.003709392,
      "correction_translation_delta_m": 0.000000000,
      "correction_rotation_delta_rad": 0.000000000,
      "final_step_m": 0.000000000,
      "gt_step_m": 1.529436432,
      "seed_pose": [1.000000000, 0.000000000, 0.000000000, 0.000000000, -0.000000000, 1.000000000, 0.000000000, -0.000000000, 0.000000000, -0.000000000, 1.000000000, -0.000000000, 0.000000000, 0.000000000, 0.000000000, 1.000000000],
      "refined_pose": [1.000000000, 0.000000000, 0.000000000, 0.000000000, -0.000000000, 1.000000000, 0.000000000, -0.000000000, 0.000000000, -0.000000000, 1.000000000, -0.000000000, 0.000000000, 0.000000000, 0.000000000, 1.000000000],
      "final_pose": [1.000000000, 0.000000000, 0.000000000, 0.000000000, -0.000000000, 1.000000000, 0.000000000, -0.000000000, 0.000000000, -0.000000000, 1.000000000, -0.000000000, 0.000000000, 0.000000000, 0.000000000, 1.000000000],
      "published_pose": null,
      "gt_pose": [0.999995607, -0.001307116, 0.002660442, 1.529293240, 0.001313045, 0.999996655, -0.002228289, -0.005550971, -0.002657520, 0.002231773, 0.999993978, 0.020178513, 0.000000000, 0.000000000, 0.000000000, 1.000000000]
    },
    {
      "frame_index": 2,
      "decision": "rejected_to_seed",
      "seed_source": "scan_context",
      "accepted": false,
      "seed_fallback": true,
      "scan_context_hit": false,
      "scan_context_candidate_count": 0,
      "scan_context_candidates_evaluated": 0,
      "selected_candidate_index": -1,
      "scan_context_front_distance": null,
      "selected_candidate_distance": null,
      "selected_candidate_yaw_offset_rad": null,
      "ndt_score": 1.753604005,
      "ndt_iterations": 3,
      "ndt_converged": true,
      "publish_action": "return_unknown",
      "publish_state": "seed_fallback_unknown",
      "publish_gate_reason": "seed fallback has no fixed-map verification",
      "allow_pose_publish": false,
      "has_pose_output": false,
      "runtime_refinement_candidate": false,
      "relock_candidate": false,
      "relock_sequence_compatible": false,
      "runtime_refinement_streak": 0,
      "relock_streak": 0,
      "relock_candidate_index_delta": 0,
      "relock_frame_gap": 0,
      "relock_rejected_reason": "",
      "publish_hold_age_frames": 0,
      "gt_safety_state": "wrong_pose",
      "gt_wrong_pose": true,
      "gt_recovery_transition": false,
      "gt_unsafe_transition": false,
      "published_translation_error_m": null,
      "seed_translation_error_m": 3.053190408,
      "seed_rotation_error_rad": 0.005444391,
      "refined_translation_error_m": 58.476563284,
      "refined_rotation_error_rad": 0.355774231,
      "final_translation_error_m": 3.053190408,
      "final_rotation_error_rad": 0.005444391,
      "correction_translation_delta_m": 0.000000000,
      "correction_rotation_delta_rad": 0.000000000,
      "final_step_m": 0.000000000,
      "gt_step_m": 1.523759046,
      "seed_pose": [1.000000000, 0.000000000, 0.000000000, 0.000000000, -0.000000000, 1.000000000, 0.000000000, -0.000000000, 0.000000000, -0.000000000, 1.000000000, -0.000000000, 0.000000000, 0.000000000, 0.000000000, 1.000000000],
      "refined_pose": [0.938365175, 0.345644475, 0.000833420, 60.442621221, -0.345635435, 0.938353560, -0.005361225, -11.203120283, -0.002635121, 0.004742727, 0.999985281, 0.780188955, 0.000000000, 0.000000000, 0.000000000, 1.000000000],
      "final_pose": [1.000000000, 0.000000000, 0.000000000, 0.000000000, -0.000000000, 1.000000000, 0.000000000, -0.000000000, 0.000000000, -0.000000000, 1.000000000, -0.000000000, 0.000000000, 0.000000000, 0.000000000, 1.000000000],
      "published_pose": null,
      "gt_pose": [0.999989773, -0.002836023, 0.003522880, 3.052935051, 0.002846688, 0.999991370, -0.003026081, -0.005659338, -0.003514267, 0.003036078, 0.999989216, 0.039079595, 0.000000000, 0.000000000, 0.000000000, 1.000000000]
    },
    {
      "frame_index": 3,
      "decision": "rejected_to_seed",
      "seed_source": "scan_context",
      "accepted": false,
      "seed_fallback": true,
      "scan_context_hit": false,
      "scan_context_candidate_count": 0,
      "scan_context_candidates_evaluated": 0,
      "selected_candidate_index": -1,
      "scan_context_front_distance": null,
      "selected_candidate_distance": null,
      "selected_candidate_yaw_offset_rad": null,
      "ndt_score": 1.387679245,
      "ndt_iterations": 5,
      "ndt_converged": true,
      "publish_action": "return_unknown",
      "publish_state": "seed_fallback_unknown",
      "publish_gate_reason": "seed fallback has no fixed-map verification",
      "allow_pose_publish": false,
      "has_pose_output": false,
      "runtime_refinement_candidate": false,
      "relock_candidate": false,
      "relock_sequence_compatible": false,
      "runtime_refinement_streak": 0,
      "relock_streak": 0,
      "relock_candidate_index_delta": 0,
      "relock_frame_gap": 0,
      "relock_rejected_reason": "",
      "publish_hold_age_frames": 0,
      "gt_safety_state": "wrong_pose",
      "gt_wrong_pose": true,
      "gt_recovery_transition": false,
      "gt_unsafe_transition": false,
      "published_translation_error_m": null,
      "seed_translation_error_m": 4.567314737,
      "seed_rotation_error_rad": 0.005679687,
      "refined_translation_error_m": 42.574946732,
      "refined_rotation_error_rad": 2.752151883,
      "final_translation_error_m": 4.567314737,
      "final_rotation_error_rad": 0.005679687,
      "correction_translation_delta_m": 0.000000000,
      "correction_rotation_delta_rad": 0.000000000,
      "final_step_m": 0.000000000,
      "gt_step_m": 1.514131717,
      "seed_pose": [1.000000000, 0.000000000, 0.000000000, 0.000000000, -0.000000000, 1.000000000, 0.000000000, -0.000000000, 0.000000000, -0.000000000, 1.000000000, -0.000000000, 0.000000000, 0.000000000, 0.000000000, 1.000000000],
      "refined_pose": [-0.926714519, -0.375764378, -0.001154597, 46.194297660, 0.375765701, -0.926713792, -0.001298158, -8.906550781, -0.000582180, -0.001636880, 0.999998491, 0.777477165, 0.000000000, 0.000000000, 0.000000000, 1.000000000],
      "final_pose": [1.000000000, 0.000000000, 0.000000000, 0.000000000, -0.000000000, 1.000000000, 0.000000000, -0.000000000, 0.000000000, -0.000000000, 1.000000000, -0.000000000, 0.000000000, 0.000000000, 0.000000000, 1.000000000],
      "published_pose": null,
      "gt_pose": [0.999986212, -0.004219098, 0.003126420, 4.566966918, 0.004225854, 0.999988744, -0.002157488, -0.003107683, -0.003117282, 0.002170670, 0.999992785, 0.056279862, 0.000000000, 0.000000000, 0.000000000, 1.000000000]
    },
    {
      "frame_index": 4,
      "decision": "rejected_to_seed",
      "seed_source": "scan_context",
      "accepted": false,
      "seed_fallback": true,
      "scan_context_hit": false,
      "scan_context_candidate_count": 0,
      "scan_context_candidates_evaluated": 0,
      "selected_candidate_index": -1,
      "scan_context_front_distance": null,
      "selected_candidate_distance": null,
      "selected_candidate_yaw_offset_rad": null,
      "ndt_score": 1.959637570,
      "ndt_iterations": 7,
      "ndt_converged": true,
      "publish_action": "return_unknown",
      "publish_state": "seed_fallback_unknown",
      "publish_gate_reason": "seed fallback has no fixed-map verification",
      "allow_pose_publish": false,
      "has_pose_output": false,
      "runtime_refinement_candidate": false,
      "relock_candidate": false,
      "relock_sequence_compatible": false,
      "runtime_refinement_streak": 0,
      "relock_streak": 0,
      "relock_candidate_index_delta": 0,
      "relock_frame_gap": 0,
      "relock_rejected_reason": "",
      "publish_hold_age_frames": 0,
      "gt_safety_state": "wrong_pose",
      "gt_wrong_pose": true,
      "gt_recovery_transition": false,
      "gt_unsafe_transition": false,
      "published_translation_error_m": null,
      "seed_translation_error_m": 6.080551714,
      "seed_rotation_error_rad": 0.006679805,
      "refined_translation_error_m": 43.060461488,
      "refined_rotation_error_rad": 2.703093142,
      "final_translation_error_m": 6.080551714,
      "final_rotation_error_rad": 0.006679805,
      "correction_translation_delta_m": 0.000000000,
      "correction_rotation_delta_rad": 0.000000000,
      "final_step_m": 0.000000000,
      "gt_step_m": 1.513280384,
      "seed_pose": [1.000000000, 0.000000000, 0.000000000, 0.000000000, -0.000000000, 1.000000000, 0.000000000, -0.000000000, 0.000000000, -0.000000000, 1.000000000, -0.000000000, 0.000000000, 0.000000000, 0.000000000, 1.000000000],
      "refined_pose": [-0.907784387, -0.419436750, -0.000564905, 48.161176377, 0.419434422, -0.907782542, 0.002371188, -9.096778699, -0.001507375, 0.001915587, 0.999997029, 0.784618135, 0.000000000, 0.000000000, 0.000000000, 1.000000000],
      "final_pose": [1.000000000, 0.000000000, 0.000000000, 0.000000000, -0.000000000, 1.000000000, 0.000000000, -0.000000000, 0.000000000, -0.000000000, 1.000000000, -0.000000000, 0.000000000, 0.000000000, 0.000000000, 1.000000000],
      "published_pose": null,
      "gt_pose": [0.999978927, -0.005671144, 0.003159587, 6.080170151, 0.005676107, 0.999982668, -0.001564037, 0.006977272, -0.003150663, 0.001581939, 0.999993785, 0.067759917, 0.000000000, 0.000000000, 0.000000000, 1.000000000]
    },
    {
      "frame_index": 5,
      "decision": "accepted",
      "seed_source": "scan_context",
      "accepted": true,
      "seed_fallback": false,
      "scan_context_hit": true,
      "scan_context_candidate_count": 1,
      "scan_context_candidates_evaluated": 1,
      "selected_candidate_index": 1,
      "scan_context_front_distance": 0.000000000,
      "selected_candidate_distance": 0.000000000,
      "selected_candidate_yaw_offset_rad": 0.000000000,
      "ndt_score": 0.745151341,
      "ndt_iterations": 2,
      "ndt_converged": true,
      "publish_action": "return_unknown",
      "publish_state": "warming_up_relock_sequence",
      "publish_gate_reason": "Scan Context relock needs another sequence-compatible confirmation",
      "allow_pose_publish": false,
      "has_pose_output": false,
      "runtime_refinement_candidate": true,
      "relock_candidate": true,
      "relock_sequence_compatible": true,
      "runtime_refinement_streak": 1,
      "relock_streak": 1,
      "relock_candidate_index_delta": 0,
      "relock_frame_gap": 0,
      "relock_rejected_reason": "",
      "publish_hold_age_frames": 0,
      "gt_safety_state": "recovery_transition",
      "gt_wrong_pose": false,
      "gt_recovery_transition": true,
      "gt_unsafe_transition": false,
      "published_translation_error_m": null,
      "seed_translation_error_m": 0.000000000,
      "seed_rotation_error_rad": 0.000000000,
      "refined_translation_error_m": 0.000126368,
      "refined_rotation_error_rad": 0.000001766,
      "final_translation_error_m": 0.000126368,
      "final_rotation_error_rad": 0.000001766,
      "correction_translation_delta_m": 0.000126368,
      "correction_rotation_delta_rad": 0.000001766,
      "final_step_m": 7.616608433,
      "gt_step_m": 1.536081984,
      "seed_pose": [0.999969305, -0.006954055, 0.003609783, 7.616173853, 0.006960134, 0.999974376, -0.001674298, 0.018959442, -0.003598047, 0.001699371, 0.999992083, 0.077604491, 0.000000000, 0.000000000, 0.000000000, 1.000000000],
      "refined_pose": [0.999969297, -0.006955186, 0.003609871, 7.616190714, 0.006961261, 0.999974371, -0.001672941, 0.018971278, -0.003598143, 0.001698018, 0.999992085, 0.077479814, 0.000000000, 0.000000000, 0.000000000, 1.000000000],
      "final_pose": [0.999969297, -0.006955186, 0.003609871, 7.616190714, 0.006961261, 0.999974371, -0.001672941, 0.018971278, -0.003598143, 0.001698018, 0.999992085, 0.077479814, 0.000000000, 0.000000000, 0.000000000, 1.000000000],
      "published_pose": null,
      "gt_pose": [0.999969305, -0.006954055, 0.003609783, 7.616173853, 0.006960134, 0.999974376, -0.001674298, 0.018959442, -0.003598047, 0.001699371, 0.999992083, 0.077604491, 0.000000000, 0.000000000, 0.000000000, 1.000000000]
    },
    {
      "frame_index": 6,
      "decision": "accepted",
      "seed_source": "scan_context",
      "accepted": true,
      "seed_fallback": true,
      "scan_context_hit": false,
      "scan_context_candidate_count": 0,
      "scan_context_candidates_evaluated": 0,
      "selected_candidate_index": -1,
      "scan_context_front_distance": null,
      "selected_candidate_distance": null,
      "selected_candidate_yaw_offset_rad": null,
      "ndt_score": 2.203849717,
      "ndt_iterations": 6,
      "ndt_converged": true,
      "publish_action": "return_unknown",
      "publish_state": "seed_fallback_unknown",
      "publish_gate_reason": "seed fallback has no fixed-map verification",
      "allow_pose_publish": false,
      "has_pose_output": false,
      "runtime_refinement_candidate": false,
      "relock_candidate": false,
      "relock_sequence_compatible": false,
      "runtime_refinement_streak": 0,
      "relock_streak": 0,
      "relock_candidate_index_delta": 0,
      "relock_frame_gap": 0,
      "relock_rejected_reason": "",
      "publish_hold_age_frames": 0,
      "gt_safety_state": "wrong_pose",
      "gt_wrong_pose": true,
      "gt_recovery_transition": false,
      "gt_unsafe_transition": false,
      "published_translation_error_m": null,
      "seed_translation_error_m": 1.484009693,
      "seed_rotation_error_rad": 0.001597557,
      "refined_translation_error_m": 1.483539715,
      "refined_rotation_error_rad": 0.001022619,
      "final_translation_error_m": 1.483539715,
      "final_rotation_error_rad": 0.001022619,
      "correction_translation_delta_m": 0.012331779,
      "correction_rotation_delta_rad": 0.000631272,
      "final_step_m": 0.012331779,
      "gt_step_m": 1.484025734,
      "seed_pose": [0.999969297, -0.006955186, 0.003609871, 7.616190714, 0.006961261, 0.999974371, -0.001672941, 0.018971278, -0.003598143, 0.001698018, 0.999992085, 0.077479814, 0.000000000, 0.000000000, 0.000000000, 1.000000000],
      "refined_pose": [0.999965329, -0.007555364, 0.003501081, 7.616704361, 0.007561816, 0.999969728, -0.001833410, 0.027324862, -0.003487123, 0.001859821, 0.999992190, 0.068422960, 0.000000000, 0.000000000, 0.000000000, 1.000000000],
      "final_pose": [0.999965329, -0.007555364, 0.003501081, 7.616704361, 0.007561816, 0.999969728, -0.001833410, 0.027324862, -0.003487123, 0.001859821, 0.999992190, 0.068422960, 0.000000000, 0.000000000, 0.000000000, 1.000000000],
      "published_pose": null,
      "gt_pose": [0.999956395, -0.008537704, 0.003783489, 9.100098997, 0.008544559, 0.999961876, -0.001799437, 0.032321259, -0.003767982, 0.001831687, 0.999991224, 0.088559357, 0.000000000, 0.000000000, 0.000000000, 1.000000000]
    },
    {
      "frame_index": 7,
      "decision": "accepted",
      "seed_source": "scan_context",
      "accepted": true,
      "seed_fallback": true,
      "scan_context_hit": false,
      "scan_context_candidate_count": 0,
      "scan_context_candidates_evaluated": 0,
      "selected_candidate_index": -1,
      "scan_context_front_distance": null,
      "selected_candidate_distance": null,
      "selected_candidate_yaw_offset_rad": null,
      "ndt_score": 2.505580064,
      "ndt_iterations": 3,
      "ndt_converged": true,
      "publish_action": "return_unknown",
      "publish_state": "seed_fallback_unknown",
      "publish_gate_reason": "seed fallback has no fixed-map verification",
      "allow_pose_publish": false,
      "has_pose_output": false,
      "runtime_refinement_candidate": false,
      "relock_candidate": false,
      "relock_sequence_compatible": false,
      "runtime_refinement_streak": 0,
      "relock_streak": 0,
      "relock_candidate_index_delta": 0,
      "relock_frame_gap": 0,
      "relock_rejected_reason": "",
      "publish_hold_age_frames": 0,
      "gt_safety_state": "wrong_pose",
      "gt_wrong_pose": true,
      "gt_recovery_transition": false,
      "gt_unsafe_transition": false,
      "published_translation_error_m": null,
      "seed_translation_error_m": 2.983874495,
      "seed_rotation_error_rad": 0.003309249,
      "refined_translation_error_m": 2.982325083,
      "refined_rotation_error_rad": 0.003276565,
      "final_translation_error_m": 2.982325083,
      "final_rotation_error_rad": 0.003276565,
      "correction_translation_delta_m": 0.013162992,
      "correction_rotation_delta_rad": 0.000580068,
      "final_step_m": 0.013162992,
      "gt_step_m": 1.500361660,
      "seed_pose": [0.999965329, -0.007555364, 0.003501081, 7.616704361, 0.007561816, 0.999969728, -0.001833410, 0.027324862, -0.003487123, 0.001859821, 0.999992190, 0.068422960, 0.000000000, 0.000000000, 0.000000000, 1.000000000],
      "refined_pose": [0.999962594, -0.007932004, 0.003448795, 7.618132694, 0.007936851, 0.999967531, -0.001394063, 0.036787765, -0.003437625, 0.001421384, 0.999993081, 0.077460531, 0.000000000, 0.000000000, 0.000000000, 1.000000000],
      "final_pose": [0.999962594, -0.007932004, 0.003448795, 7.618132694, 0.007936851, 0.999967531, -0.001394063, 0.036787765, -0.003437625, 0.001421384, 0.999993081, 0.077460531, 0.000000000, 0.000000000, 0.000000000, 1.000000000],
      "published_pose": null,
      "gt_pose": [0.999942767, -0.010285810, 0.002943468, 10.600367665, 0.010296411, 0.999940477, -0.003609075, 0.045359696, -0.002906171, 0.003639175, 0.999989155, 0.099001252, 0.000000000, 0.000000000, 0.000000000, 1.000000000]
    },
    {
      "frame_index": 8,
      "decision": "accepted",
      "seed_source": "scan_context",
      "accepted": true,
      "seed_fallback": true,
      "scan_context_hit": false,
      "scan_context_candidate_count": 0,
      "scan_context_candidates_evaluated": 0,
      "selected_candidate_index": -1,
      "scan_context_front_distance": null,
      "selected_candidate_distance": null,
      "selected_candidate_yaw_offset_rad": null,
      "ndt_score": 2.226020691,
      "ndt_iterations": 5,
      "ndt_converged": true,
      "publish_action": "return_unknown",
      "publish_state": "seed_fallback_unknown",
      "publish_gate_reason": "seed fallback has no fixed-map verification",
      "allow_pose_publish": false,
      "has_pose_output": false,
      "runtime_refinement_candidate": false,
      "relock_candidate": false,
      "relock_sequence_compatible": false,
      "runtime_refinement_streak": 0,
      "relock_streak": 0,
      "relock_candidate_index_delta": 0,
      "relock_frame_gap": 0,
      "relock_rejected_reason": "",
      "publish_hold_age_frames": 0,
      "gt_safety_state": "wrong_pose",
      "gt_wrong_pose": true,
      "gt_recovery_transition": false,
      "gt_unsafe_transition": false,
      "published_translation_error_m": null,
      "seed_translation_error_m": 4.477338520,
      "seed_rotation_error_rad": 0.005032655,
      "refined_translation_error_m": 4.479566615,
      "refined_rotation_error_rad": 0.005435773,
      "final_translation_error_m": 4.479566615,
      "final_rotation_error_rad": 0.005435773,
      "correction_translation_delta_m": 0.005211995,
      "correction_rotation_delta_rad": 0.000450318,
      "final_step_m": 0.005211995,
      "gt_step_m": 1.495061000,
      "seed_pose": [0.999962594, -0.007932004, 0.003448795, 7.618132694, 0.007936851, 0.999967531, -0.001394063, 0.036787765, -0.003437625, 0.001421384, 0.999993081, 0.077460531, 0.000000000, 0.000000000, 0.000000000, 1.000000000],
      "refined_pose": [0.999963621, -0.007708420, 0.003651882, 7.615923878, 0.007712341, 0.999969697, -0.001060866, 0.032328650, -0.003643593, 0.001088992, 0.999992769, 0.079010472, 0.000000000, 0.000000000, 0.000000000, 1.000000000],
      "final_pose": [0.999963621, -0.007708420, 0.003651882, 7.615923878, 0.007712341, 0.999969697, -0.001060866, 0.032328650, -0.003643593, 0.001088992, 0.999992769, 0.079010472, 0.000000000, 0.000000000, 0.000000000, 1.000000000],
      "published_pose": null,
      "gt_pose": [0.999927181, -0.011623632, 0.003244120, 12.095323203, 0.011639116, 0.999920762, -0.004795815, 0.062639190, -0.003188118, 0.004833224, 0.999983238, 0.103094043, 0.000000000, 0.000000000, 0.000000000, 1.000000000]
    },
    {
      "frame_index": 9,
      "decision": "accepted",
      "seed_source": "scan_context",
      "accepted": true,
      "seed_fallback": true,
      "scan_context_hit": false,
      "scan_context_candidate_count": 0,
      "scan_context_candidates_evaluated": 0,
      "selected_candidate_index": -1,
      "scan_context_front_distance": null,
      "selected_candidate_distance": null,
      "selected_candidate_yaw_offset_rad": null,
      "ndt_score": 2.069828115,
      "ndt_iterations": 3,
      "ndt_converged": true,
      "publish_action": "return_unknown",
      "publish_state": "seed_fallback_unknown",
      "publish_gate_reason": "seed fallback has no fixed-map verification",
      "allow_pose_publish": false,
      "has_pose_output": false,
      "runtime_refinement_candidate": false,
      "relock_candidate": false,
      "relock_sequence_compatible": false,
      "runtime_refinement_streak": 0,
      "relock_streak": 0,
      "relock_candidate_index_delta": 0,
      "relock_frame_gap": 0,
      "relock_rejected_reason": "",
      "publish_hold_age_frames": 0,
      "gt_safety_state": "wrong_pose",
      "gt_wrong_pose": true,
      "gt_recovery_transition": false,
      "gt_unsafe_transition": false,
      "published_translation_error_m": null,
      "seed_translation_error_m": 5.972899261,
      "seed_rotation_error_rad": 0.006437392,
      "refined_translation_error_m": 5.975118634,
      "refined_rotation_error_rad": 0.005972587,
      "final_translation_error_m": 5.975118634,
      "final_rotation_error_rad": 0.005972587,
      "correction_translation_delta_m": 0.006373353,
      "correction_rotation_delta_rad": 0.000942890,
      "final_step_m": 0.006373353,
      "gt_step_m": 1.493359275,
      "seed_pose": [0.999963621, -0.007708420, 0.003651882, 7.615923878, 0.007712341, 0.999969697, -0.001060866, 0.032328650, -0.003643593, 0.001088992, 0.999992769, 0.079010472, 0.000000000, 0.000000000, 0.000000000, 1.000000000],
      "refined_pose": [0.999964331, -0.007658343, 0.003561897, 7.613766371, 0.007665494, 0.999968623, -0.001998290, 0.026975721, -0.003546482, 0.002025522, 0.999991660, 0.076306595, 0.000000000, 0.000000000, 0.000000000, 1.000000000],
      "final_pose": [0.999964331, -0.007658343, 0.003561897, 7.613766371, 0.007665494, 0.999968623, -0.001998290, 0.026975721, -0.003546482, 0.002025522, 0.999991660, 0.076306595, 0.000000000, 0.000000000, 0.000000000, 1.000000000],
      "published_pose": null,
      "gt_pose": [0.999911225, -0.012896255, 0.003350786, 13.588532769, 0.012912398, 0.999904909, -0.004841734, 0.082869073, -0.003288027, 0.004884571, 0.999982665, 0.109247577, 0.000000000, 0.000000000, 0.000000000, 1.000000000]
    },
    {
      "frame_index": 10,
      "decision": "accepted",
      "seed_source": "scan_context",
      "accepted": true,
      "seed_fallback": false,
      "scan_context_hit": true,
      "scan_context_candidate_count": 1,
      "scan_context_candidates_evaluated": 1,
      "selected_candidate_index": 2,
      "scan_context_front_distance": 0.000000000,
      "selected_candidate_distance": 0.000000000,
      "selected_candidate_yaw_offset_rad": 0.000000000,
      "ndt_score": 0.728821244,
      "ndt_iterations": 1,
      "ndt_converged": true,
      "publish_action": "publish_pose",
      "publish_state": "scan_context_relock_verified",
      "publish_gate_reason": "Scan Context descriptor, NDT score, and relock sequence are consistent",
      "allow_pose_publish": true,
      "has_pose_output": true,
      "runtime_refinement_candidate": true,
      "relock_candidate": true,
      "relock_sequence_compatible": true,
      "runtime_refinement_streak": 1,
      "relock_streak": 2,
      "relock_candidate_index_delta": 1,
      "relock_frame_gap": 5,
      "relock_rejected_reason": "",
      "publish_hold_age_frames": 0,
      "gt_safety_state": "recovery_transition",
      "gt_wrong_pose": false,
      "gt_recovery_transition": true,
      "gt_unsafe_transition": false,
      "published_translation_error_m": 0.000058197,
      "seed_translation_error_m": 0.000000000,
      "seed_rotation_error_rad": 0.000000000,
      "refined_translation_error_m": 0.000058197,
      "refined_rotation_error_rad": 0.000008006,
      "final_translation_error_m": 0.000058197,
      "final_rotation_error_rad": 0.000008006,
      "correction_translation_delta_m": 0.000058197,
      "correction_rotation_delta_rad": 0.000008006,
      "final_step_m": 7.463986026,
      "gt_step_m": 1.488880440,
      "seed_pose": [0.999896621, -0.014067508, 0.002975259, 15.077160664, 0.014080319, 0.999891493, -0.004329667, 0.108955624, -0.002914029, 0.004371112, 0.999986201, 0.117700350, 0.000000000, 0.000000000, 0.000000000, 1.000000000],
      "refined_pose": [0.999896633, -0.014065375, 0.002981333, 15.077187212, 0.014078198, 0.999891544, -0.004324913, 0.108990729, -0.002920178, 0.004366438, 0.999986203, 0.117662276, 0.000000000, 0.000000000, 0.000000000, 1.000000000],
      "final_pose": [0.999896633, -0.014065375, 0.002981333, 15.077187212, 0.014078198, 0.999891544, -0.004324913, 0.108990729, -0.002920178, 0.004366438, 0.999986203, 0.117662276, 0.000000000, 0.000000000, 0.000000000, 1.000000000],
      "published_pose": [0.999896633, -0.014065375, 0.002981333, 15.077187212, 0.014078198, 0.999891544, -0.004324913, 0.108990729, -0.002920178, 0.004366438, 0.999986203, 0.117662276, 0.000000000, 0.000000000, 0.000000000, 1.000000000],
      "gt_pose": [0.999896621, -0.014067508, 0.002975259, 15.077160664, 0.014080319, 0.999891493, -0.004329667, 0.108955624, -0.002914029, 0.004371112, 0.999986201, 0.117700350, 0.000000000, 0.000000000, 0.000000000, 1.000000000]
    },
    {
      "frame_index": 11,
      "decision": "accepted",
      "seed_source": "scan_context",
      "accepted": true,
      "seed_fallback": true,
      "scan_context_hit": false,
      "scan_context_candidate_count": 0,
      "scan_context_candidates_evaluated": 0,
      "selected_candidate_index": -1,
      "scan_context_front_distance": null,
      "selected_candidate_distance": null,
      "selected_candidate_yaw_offset_rad": null,
      "ndt_score": 2.304973818,
      "ndt_iterations": 4,
      "ndt_converged": true,
      "publish_action": "return_unknown",
      "publish_state": "seed_fallback_unknown",
      "publish_gate_reason": "seed fallback has no fixed-map verification",
      "allow_pose_publish": false,
      "has_pose_output": false,
      "runtime_refinement_candidate": false,
      "relock_candidate": false,
      "relock_sequence_compatible": false,
      "runtime_refinement_streak": 0,
      "relock_streak": 0,
      "relock_candidate_index_delta": 0,
      "relock_frame_gap": 0,
      "relock_rejected_reason": "",
      "publish_hold_age_frames": 0,
      "gt_safety_state": "wrong_pose",
      "gt_wrong_pose": true,
      "gt_recovery_transition": false,
      "gt_unsafe_transition": false,
      "published_translation_error_m": null,
      "seed_translation_error_m": 1.484968856,
      "seed_rotation_error_rad": 0.001777406,
      "refined_translation_error_m": 1.494325419,
      "refined_rotation_error_rad": 0.001740426,
      "final_translation_error_m": 1.494325419,
      "final_rotation_error_rad": 0.001740426,
      "correction_translation_delta_m": 0.013846068,
      "correction_rotation_delta_rad": 0.000859525,
      "final_step_m": 0.013846068,
      "gt_step_m": 1.484995771,
      "seed_pose": [0.999896633, -0.014065375, 0.002981333, 15.077187212, 0.014078198, 0.999891544, -0.004324913, 0.108990729, -0.002920178, 0.004366438, 0.999986203, 0.117662276, 0.000000000, 0.000000000, 0.000000000, 1.000000000],
      "refined_pose": [0.999899433, -0.013679183, 0.003742203, 15.068102224, 0.013694958, 0.999897303, -0.004222722, 0.099815059, -0.003684055, 0.004273546, 0.999984082, 0.112663910, 0.000000000, 0.000000000, 0.000000000, 1.000000000],
      "final_pose": [0.999899433, -0.013679183, 0.003742203, 15.068102224, 0.013694958, 0.999897303, -0.004222722, 0.099815059, -0.003684055, 0.004273546, 0.999984082, 0.112663910, 0.000000000, 0.000000000, 0.000000000, 1.000000000],
      "published_pose": null,
      "gt_pose": [0.999887547, -0.014561270, 0.003586385, 16.561765834, 0.014571090, 0.999890116, -0.002727336, 0.139994075, -0.003546278, 0.002779287, 0.999989850, 0.131719792, 0.000000000, 0.000000000, 0.000000000, 1.000000000]
    },
    {
      "frame_index": 12,
      "decision": "accepted",
      "seed_source": "scan_context",
      "accepted": true,
      "seed_fallback": true,
      "scan_context_hit": false,
      "scan_context_candidate_count": 0,
      "scan_context_candidates_evaluated": 0,
      "selected_candidate_index": -1,
      "scan_context_front_distance": null,
      "selected_candidate_distance": null,
      "selected_candidate_yaw_offset_rad": null,
      "ndt_score": 2.490378040,
      "ndt_iterations": 5,
      "ndt_converged": true,
      "publish_action": "return_unknown",
      "publish_state": "seed_fallback_unknown",
      "publish_gate_reason": "seed fallback has no fixed-map verification",
      "allow_pose_publish": false,
      "has_pose_output": false,
      "runtime_refinement_candidate": false,
      "relock_candidate": false,
      "relock_sequence_compatible": false,
      "runtime_refinement_streak": 0,
      "relock_streak": 0,
      "relock_candidate_index_delta": 0,
      "relock_frame_gap": 0,
      "relock_rejected_reason": "",
      "publish_hold_age_frames": 0,
      "gt_safety_state": "wrong_pose",
      "gt_wrong_pose": true,
      "gt_recovery_transition": false,
      "gt_unsafe_transition": false,
      "published_translation_error_m": null,
      "seed_translation_error_m": 2.977340829,
      "seed_rotation_error_rad": 0.003385479,
      "refined_translation_error_m": 2.966723113,
      "refined_rotation_error_rad": 0.002672220,
      "final_translation_error_m": 2.966723113,
      "final_rotation_error_rad": 0.002672220,
      "correction_translation_delta_m": 0.012697508,
      "correction_rotation_delta_rad": 0.000814337,
      "final_step_m": 0.012697508,
      "gt_step_m": 1.483025865,
      "seed_pose": [0.999899433, -0.013679183, 0.003742203, 15.068102224, 0.013694958, 0.999897303, -0.004222722, 0.099815059, -0.003684055, 0.004273546, 0.999984082, 0.112663910, 0.000000000, 0.000000000, 0.000000000, 1.000000000],
      "refined_pose": [0.999898224, -0.013685620, 0.004030684, 15.078545999, 0.013699599, 0.999900166, -0.003461205, 0.105102005, -0.003982913, 0.003516072, 0.999985887, 0.117583511, 0.000000000, 0.000000000, 0.000000000, 1.000000000],
      "final_pose": [0.999898224, -0.013685620, 0.004030684, 15.078545999, 0.013699599, 0.999900166, -0.003461205, 0.105102005, -0.003982913, 0.003516072, 0.999985887, 0.117583511, 0.000000000, 0.000000000, 0.000000000, 1.000000000],
      "published_pose": null,
      "gt_pose": [0.999877875, -0.015030895, 0.004278608, 18.044325510, 0.015035986, 0.999886280, -0.001160185, 0.174892272, -0.004260683, 0.001224376, 0.999990174, 0.144550883, 0.000000000, 0.000000000, 0.000000000, 1.000000000]
    },
    {
      "frame_index": 13,
      "decision": "accepted",
      "seed_source": "scan_context",
      "accepted": true,
      "seed_fallback": true,
      "scan_context_hit": false,
      "scan_context_candidate_count": 0,
      "scan_context_candidates_evaluated": 0,
      "selected_candidate_index": -1,
      "scan_context_front_distance": null,
      "selected_candidate_distance": null,
      "selected_candidate_yaw_offset_rad": null,
      "ndt_score": 2.028067810,
      "ndt_iterations": 4,
      "ndt_converged": true,
      "publish_action": "return_unknown",
      "publish_state": "seed_fallback_unknown",
      "publish_gate_reason": "seed fallback has no fixed-map verification",
      "allow_pose_publish": false,
      "has_pose_output": false,
      "runtime_refinement_candidate": false,
      "relock_candidate": false,
      "relock_sequence_compatible": false,
      "runtime_refinement_streak": 0,
      "relock_streak": 0,
      "relock_candidate_index_delta": 0,
      "relock_frame_gap": 0,
      "relock_rejected_reason": "",
      "publish_hold_age_frames": 0,
      "gt_safety_state": "wrong_pose",
      "gt_wrong_pose": true,
      "gt_recovery_transition": false,
      "gt_unsafe_transition": false,
      "published_translation_error_m": null,
      "seed_translation_error_m": 4.440941997,
      "seed_rotation_error_rad": 0.003978734,
      "refined_translation_error_m": 4.452456615,
      "refined_rotation_error_rad": 0.004994641,
      "final_translation_error_m": 4.452456615,
      "final_rotation_error_rad": 0.004994641,
      "correction_translation_delta_m": 0.015478488,
      "correction_rotation_delta_rad": 0.001267803,
      "final_step_m": 0.015478488,
      "gt_step_m": 1.474219199,
      "seed_pose": [0.999898224, -0.013685620, 0.004030684, 15.078545999, 0.013699599, 0.999900166, -0.003461205, 0.105102005, -0.003982913, 0.003516072, 0.999985887, 0.117583511, 0.000000000, 0.000000000, 0.000000000, 1.000000000],
      "refined_pose": [0.999898814, -0.013850935, 0.003242381, 15.067298587, 0.013865265, 0.999894016, -0.004439668, 0.096316985, -0.003180544, 0.004484176, 0.999984888, 0.111591622, 0.000000000, 0.000000000, 0.000000000, 1.000000000],
      "final_pose": [0.999898814, -0.013850935, 0.003242381, 15.067298587, 0.013865265, 0.999894016, -0.004439668, 0.096316985, -0.003180544, 0.004484176, 0.999984888, 0.111591622, 0.000000000, 0.000000000, 0.000000000, 1.000000000],
      "published_pose": null,
      "gt_pose": [0.999865144, -0.015618745, 0.005074219, 19.518103929, 0.015619632, 0.999877997, -0.000135315, 0.208396895, -0.005071487, 0.000214555, 0.999987117, 0.157849750, 0.000000000, 0.000000000, 0.000000000, 1.000000000]
    },
    {
      "frame_index": 14,
      "decision": "accepted",
      "seed_source": "scan_context",
      "accepted": true,
      "seed_fallback": true,
      "scan_context_hit": false,
      "scan_context_candidate_count": 0,
      "scan_context_candidates_evaluated": 0,
      "selected_candidate_index": -1,
      "scan_context_front_distance": null,
      "selected_candidate_distance": null,
      "selected_candidate_yaw_offset_rad": null,
      "ndt_score": 2.290328380,
      "ndt_iterations": 1,
      "ndt_converged": true,
      "publish_action": "return_unknown",
      "publish_state": "seed_fallback_unknown",
      "publish_gate_reason": "seed fallback has no fixed-map verification",
      "allow_pose_publish": false,
      "has_pose_output": false,
      "runtime_refinement_candidate": false,
      "relock_candidate": false,
